1578.
28, 16111.

22 1161111.

26. 11111111,

27. 1161111.

608 116116· 1666611111 6611 16666.

’7261 11. 16. 11. 1161111361 Hosp. i 066666, 61 3 61 6616 11666611 anllerup 63

1616111613, 6616 6116116 bruges til 11111166 6161663616636616, 1666 11616661611136663616666. ¹

- [1166616166 11166161, 11. 28. Febr. 1161. 1 116661 811666166111611. 066666 1116611111. 11, 2. 8. 181.

’7265Ι 11. 1611. 11116361 11666 Μ1116, 113. 1 066666, 161 1111616 61 63163666
6166166, 16161 11666 1611 1 11666 1161616166 116166 616616361 12116161 6111611. 11666 d.
6161661161616661 1616616116163, 663161 Byen 6116166 661666 016166161636166 1166 66166
0611616 1816666. - 1616611166 master, 6. 211. Febr. 611. 116611 6111166166, 6161. t 616111
11166 11161. 11, 2. 8. 181-85.

’7266 11. 1611111 618161136 11616161 161166 116666 61 11616616 8161611613 8161, 611

1166366 111316116161 1166611166 6166 1166166111. - 1. Μ616. (8166611.) 11111161111611161111,
11161. 1116116111611 1161, 116111. l. 86113666 11366666 66161163111 11611666166666 pau 11161613 S. 154, 1661.
3290. 1111. 1636616, 116611. 6161 ’1616163 16116 S. 107-108.

’7267. 11. 111. 11. 1611111661 6316. 6311666 66161 6316366 1 11111116. 61 316161116-
3161) 1 66 66Η61116166 3116611111163161 663.161166111116666; 11116 66 Student 6161161166
6616366 61 1163166, skal 1166 661 Μ6136666 6111131166 111 11611161. - 11666661666611661666,
6. Μ6111. 116166111111111166. 11611. 11161.,111161.63111616 S. 289-90.

’7266 Ν1616166161166611, 86661161. 1136, 11166116 Μ1666, 116161 1 6663 1161166.

16116 1111166611, 8636661661 1166666, 63 11161166 11116666, 8116166166161 6166166, 116116
Β661661616166 661 [16616336166 61 6661161116 63 6161616666 [1636666611661 111 [1666111616 161
11616166 11166666 811616. - Assem, mand. 6. 1611616. 6661161163.4.11.1’1.116-17.

’7266 1111111166 866666666666611111166 11661, 11161166 161166 016 1. 1116166661
11116361 1116113166 61 [1166363116 866661661166611661616661161661636616 1 Torum, som
161366 ,1166611 1116666. - ’11166 13. 11161111. 1116661111111611161.81611.3.11.11.426-21.

’7270Ι 11666611666111616611661, 11161166 66 61166661616361 14 11636 1161131111
616631 11616 6631166666 8666611163 11661636616 61166166 1663166166. - 1161111616, 6616 61
16666 15. 663 Μ61111. sami. t. 1111611 11111. 63166. 1118

’7271 116666116661111116611661, 11161166 Sagen 61611616111166 116616366161166-
vises til Kongens 116116116163. - 15. 1116116. 6661111111611163166.11. 11-18,

’7272 11. 111. 11. 6611616161 Mag. Petrus Severini Kinderup, der 1161· 61666611
111116611613, 111 1161111161 1 11611166. - 17. Martii. 6111116161, 1111116161.61111111161161111. 611-11

7273. 11. 111. 11. 1111166663116116166166 11661111 1116366666, 61 1166 1666116331
61811111 1 8116661161 6166116166 6116 16611 76161661 166666 6111116, 6661 11661616 661; 111111
61161 1166 1116116, 11166 661616661666131111[1336163666661116611613ς 6666666 61111111

1116116 6166661166 161 3011116161 111 8161161. —- 116116111εὸ63, 111666 19. Μ61111. 611116
v. .
samnnserwssf 1161111. 6161116661666111163661111161111161661 t. 8116666166 Del (16111

1111111 8636. - 1616. 1. 16166666663. 1111. 1 61161.1116111161631611611. lv, 614.

’7276 11.111. 1136 8111116166 111111111311116, 1666616. 1111116, 61 da Kurfyrstens
11616 61 161666 111161661 161 6611616161, 61161 1166 1666 ’116666166 61 66 161-6163116111
11111161 16136 1161163116666 1616663636 63 1161616 1116663666 63 1166161611 1 11111 11

16161636 6616611611616611 01611616166 61 6611113666 81111161. -116661111611619, d, 2316331,
1111111611111. 81611. 111. 633. 1161111636616, 1166111. 6. 1616163 Len S 1661111. 8. 40.

’7276 11. 1611. 11616161 16161 161166, 6616 har 11631 1 1161161, 61 11666166 611611
8111116, 6616 11616166 111 1161161 1666 1666163 61116111. 1111116611613, 66 1166366 1111 1116116111
111 6113616366 666 8161161. - 116661161611616, 27. Martii. 11161116 6616116361 v. 143,

 

