658 11616 16666611 6611116111.

Ῑξῗῗῃὶἱ. ’7876. 11666161Ν11116 11116 1116111161 1161161 63 11616666161 1 1111616, 611166366

--ᾙ-ῳ--ῃ--η-η-..ἢ ..,--- - —.— —

1161161 1161 1131131, 61 116116161161616 11111666111611 6161111661 66366 ’1111 [166 816611 61 deni ,

Bycn 6616166116 1661. - 1166611161, 1116611 7. 111611. 11611161,11611161.11611.11111.,1161.63
1116111 S. 318.

321141· *7877 01116166 1111611 111611116111. 6111661113, 61 1166 11666116 1166116 11111-
66161 61 11161616611111116636, 116111. 111666616661616116111661116 16611 1166366 6611166-

116166 pcc Rusland, 63 1661116161, 61 11666661616166 11616 116361 111 [16166166 61611161 ³

61616 Θ1666611616111, 616116111.61116616611 161161 66116116 1166 1161166116 113111 61 demi ¹
Η616111361. - 6611611111, 66 8. jour 116 1616. 11166611.) 1166111161. 616111.11161.111.2111-16 ¹

8· 1111111- ’7878 8616166 11111611 1116111161 11611. 6116316666 661 16161161113616166111161- .

16166116 Η66116166 1166 116616611. - 6611611111, 66 8. jour 116 1616. (11666111 116111116161111
11111. 111. 280-23.

9- 1111111- 3738. 1111611 01616. 1 1616161, 11161111. 11. 1116166 11616 (1611116 16 1161116116111161661111.161161- ³

1116611. mtS· 65151179. P. 1 (116616 111611116111611.11611 618616166616611616 16166116661111·

16611636161111616161. 6., 61 1166 1166616 116636 66166611 811666161816661161611 66 1166116
111 11116611 61161 11611. 11636616 11611 63 1161 161161 11666116 66316 61 1166666 816116, 161

6111161666686616111161618161661661.-1111116, 1666816611. (8166611.) 116611116161111.
11111. xxxvl. 302-309.
161116. 8141 se *mm

19. 16611. 3742. 111166, Stmndmcllcn S. 7-8.

611616. *7888 116616166 16161 1666661666 11. 163661 116616 61 1166166116 reginam
163116, quatenus 611 commercium cum Moscovia‚ Norvcgia 61 16166116 6111661. -11611611111,
22. luni. Stephanum 63 8136111666, 1161661111. 161 1616611 Ι. 111. 111. 1166163, 66116111. 1. S. 48,

3611111. ’7881 116116163611616 1661161611666116116661, 1161616161. p. 8613661166, 6316
1166161616 6668133366 i 861366, 1611616661113 661116 31611 16113166 1 11663666 36161131
161166111166. - 116κηὶ116661 pac 1161966166, 30. 1661. 11611116 mg. 11 101-108.

11. 16111. ’7882 11. 16. 11. 66661616111111.866611666166 61161111111161131161 111 0111136111
11111115 Husstand. — 6. 111111. thatin.) 11111.6.11113.11166161,86666111611611821.

11111111. *mcc 11. 16. 11. 666111116111611611116161 63 1161111 666666 111 1161361 1611111-
31116, 11661111 116366666611116116161616. - Ν3666111, 11. 11. 11111. 11111. 1116111. 1111.

⁶20. ¹⁰¹⁸· ’7881 1161611 611661 61 1161661166 63 6661666166 1111666 ved 61 1116116 11161,
61611 66116166 1166 1616616666116 111661116166 61 66 1661116161163 1 1111666613, 1111611311 63
116611616 1161163666 1 1116116116161163666, den 6666613616 63 1166 116666666161616116161
161 116166161161166, 116611666661, 1161616116 816116 1 1161 1311616 1113616611 mm. — 11111,
30. 11 20.) 1611. (Tydsk.) 1161166, 11611. 11. 1166111661111. 11. 1116161 11611616116116161. 11. 308-809.

1116111. ’78811 Κ. Fu. 11. 11616161 11111166 111611 61 116616136116 161666116366 61 Papir-

mcllcn til 66 11616616116. - 116116111161111111, 1666111 24. 16111. 111166, 8116116661 S. 8-1.
11111. 1 1111661111 1163. 3. 11. 1. 113.
31. 16111. 3749. ’1111111 01611. 1 166166611611,166.6661. 1166. 111. 491-95,

31. 16111. *mcc 11. Fn.. 11. 661616111316.63116611 1 1116613 616116116 66 11116116, 166611
61131161 6161161161 161 61 11616 66661 61 1116116166 161 11611611 61 11666 116636. -11611611-
161111111, d. 31. Julii. 86161. 1. 1111111 11161. 63 1611631. 11111Ι 1113-51.

31. 16111. ’7887 11. 16. 11. 1611611666 Pulc 161 ’1116661161666 6166316 66361616 1166116.-
31. 111111. (Latin.) 1116116111111.1 11661611, Second 1166611 S. 27.

 

