1580.

33. 1101111.

31. 1111111.

21. 1111111.

1. 1011110.

71. 1011110.

5. 1011110.

6. 1011110.

6. 1011110.

11. 1011110.

11. 11011110.

13. 1011110.

17. 1011110.

31. 1011110.

110110 31101111 011 111011.

---. -—

’7530 11. 11. 11. 11011101· 111110 81011 11010 1011111113 11 1101110 000 1001010100
Sum 11010 Argia 1111110011υο 03 800100 100, 1111111100 011100 3001010010100 1111101-
1110111100 8101011110111001100000110, 1111110300 0111113100. - 33. 011110. 010011
11101000, 11101. 311111. 001 811001 1101100 8. 113-11.

’7531 11. 31. 11. 11011101 01100100110111111000011111101101110 M. 11110010 1111111311
100 310110 3110101013001111100011101811111. - [1211111110. 1111.1111030101,01110
1100013. 1103. 8. 116.

’7533 1100003010, 1001110111 1111110031010111, 11 Μ. 111010 100001000, 81-
001101. 11000 81111, 111100 01111101, 1100 101018111 111100 11101 011 00 110010111111110-
0100011 11111110. 00001011111101 (Nr. ’74301 - 11011100, 0. 21011111. 1111011101. 0111111,
111. 511-13.

’.7533 11. 11. 11. 1110111101 0011111 11113011 010 Vin til 00 Fruar 00111 01010
1101130 10001100,03010103101010011001130101101111301- 3010103111,0.31.111110
1101. 1110001 8101000110, 3101111001100300011101. 111 1. S. 13-11.

’.7531 30111181111111111000010111.11.11., 11 1110 1013110100 1111003111οο
001000 John 01011, 1010 101 et 111111 111 01000 1111 110101 1 81011100, 03 10301111
3το01110101 1111100 11010. - 1111111011, 1. 1101. (Latin.) 11010. 1131 1100101, 1111010101,

’7535 Μ100 Ν111011 0101011301011 01110 Νοο0 1 1000180311 10. m. 1111100300
1 1113001130 1000 10 011100 1 3111100. - 1110111. 011. 1 11101001, 11101 30011. 01101111
301100 8. 159.

’7533 31013101 10111111 010111110100111111. Fr. 11. 11 011100011100 00 011030-
1101 8010001011111110101111030 11001000οπ1 100101101103 111111010101. - 11011011101101
5. April. (Tydsk.) Udt. 1 301010, 311010 d. 310031110110111110 0110101111, 373-74,

’7531 113111. 11101111010011111 01111011 om 0111101100, 0001 0111 0001011001
Μ101111 3000110010 01110 1 000000, 011111 0013011130 101100300οο3 00 1101100000 110010.
- 1101άὶ10000, d. 6. April. 1101110001811100100, 3101.111(101000330011101.111,1.8.11.

7538. 30101001030111, 1110110000 7010011 0111 0000111100 011 3013001100 110101010,

01100010 03 111010100010 811110, 31011 110111010111 1111110011 011 11003000 301113.
- 1100001111οΜ, 0. 6. April. Udt. 11101010 1103. 1. 89.

’7539Ι 11. 11. 11. 01111101 11100001 110010 1100 01110 1 3111101100 111 1100011001
1 11111110. - 1010130010, tend 21. Aprilis. 30111001, 1111110011 1111101101 01 urbe Α1100110,1“111.8.3

’7540 31. 1111011111 1111031100 110001 11111. 11. 010 11 1111100 0100301018111
11 00110 111 Ν1111 101 11 11110 01 11 1111000100 1110010101 81111 001010101. - wan„
111101. (Latin.) 001. 0. 303. 1 1110110, 1100011 111. 1. 8. 35

’7511 11. 11111. 11111001 100010 1111111101 11 11000100 000 131. 3101111101Ιο 101 ’
11110010 1100 00 111113 1131111130 1110 Ρ1011; 001111 0111 1110 111113 0000 1501100100 ,

111 1100311110. -110111103111111, 111000 11111. 1011110. 111100011110111110116-1.

’7512Ι 11. 11. 11. 11011101 30001 0010000001ηο 11 bruge 1103Ιο 1111110000 10010·

11111001 011100 1 000000 111 10310 10111011000.-11010100111111, 0. 17. April. 1111110111
810100οο0, 3101. 111 0001100 300011101111, 1. S, 11-15.

’7513 11. 1111130 1101011 1 1101000103 11 hans 8110 Prius 0111100100 11113111
110030, 11 00000 100 010110011001130100 0111 11010 1010113101 111 11 00010101 00 111100-

11010103 03 1100 013 110100 011 1100011130110. - oum, 111000 31. 013 Aprilis. 1111·
1111010. 111001101οωοὴ. 11. 101-103.

 

