Kone 1111111111 111 11111. 449

1111111111 1111111111 K. 1111111111, 11 8111111 111 20. 1111111 1120121111ῑίλ
man agter 1111111111 1111111 8111111 2411; 11 111111 1111111 1
1 81111111111, 1111 111111 8111111111 11 1111 11111111, 1361111111
ed 8111111111-111111111111. 18111111.) 11111111111111111111,

1111115111 111111111111. 11111111, 1111111 11 11111 1. 8111111 1111111 1111211111-
g 111111111111111111-111111111111. 1811111.) 1111111111111111.

x xlv. 1111111111 11111813811111,’1111311 1111111111 11 11111 21. 111111·
ejlige Aarstid3 han 11111111, 11113111111111111111 skal 111111 811111

111111 11111 111111 11 11111111111111 111 lndhyggerne i Trondhjerns Len.

1. (81111181.) 11111111. 111111. 111111. 11111, 2. S. 21-26, 11111.

111 XW. 11111111 811111 81111 1111111111 11111113 11 111111 81111 111 111· 211111111-

sig i nogen 1111111111111111111; han 1111111111 1111111 1111, 11

1 11 11111111 111 iNorge 111101111111Μ1111, 1111111111, 1111111111

11 vende tilbage til Lejren ved 111111-81111111111, 21. Μ111. 18111111

1, 2. S. 311111.

mx 11111. 1111111111Η1. 1111181111 og 111. 1111111 (1111111111, 11 11 21111111
111 11 11111111 og 111 1111113111 1 1111111, 1111111111111 ujeblikkelig
Relejringshaeren 111 1111111. - 8111111111, d. 21. Μ111. 1811111.)

111. 91-98.

11 (111111111111111111 111 11. 8111 11111, 11111 111 sparget om, 11111111211111111
11 11111111, 1111 handle 1111 1111111111. - 1111111 Datum. (Svensk.)

2. 8. 50.

111. 11. 1111111111 Daniel 11111111, 11 1111111111111 1111 1111311111, 2⁴· Manu.
d 11111111 1111111111, 1111111111 1111111 111111 1111111113 1111111111 1111-

11111 11111. - Friedericltsbury, d. 2111111111. 1111111 Romam, 11111.

21.

suus 1111111111, 1111111111 111 1111111111111, 1111111111 Fru Birgiue 1111111111.
, 111 11 11111111111111, og 111111 11111 11811111 11 111. 11111111,

om, 1111111111111 111111111 111111111131111, 1111. —- 111111111-
11111, 1111 111. 111 1111111111. 11111. 111, 111-79,

dut 1 1111111111. 0111. 1859 S. 279-80. 18, amn,

111111 0111. (1111111111, 1111118111 111111111111, 111111 1111111111 1. 23111111
3 11111111111111111 11111111 1111111111 1 11111111 111 1111 111111

11111 111 11111 111111 111111, som 1111111111 11111 1111111111, -
18, 1111111. 11111811111111,1111111111. 53-54.

1111181111 1111111111 Κ· Eril( ΧΝ, at han d. 19. 111111 111 111111 21111111.
1111111, 1. 11. - 28. Martii. (Svensk.) 11. 1 111. 11111. 1111, 1 1. 11.

;, 11111111111111111111111 1111111111 111, 11 111 har sendt Heinrich ⁰ss 21111111.
111311111111111111 1111181111111111 som sine Befuldmzngtigede 1111
tuden, - 1111111911, (19. Μ111.) 111111.) 111. 1111111, 1. 1111111111.-

11111111111. S. 15.

11. ¹⁷³⁷

 

