20. 10111.

20. tulit.

23. 10111.

24. tulit.

27. iulii.

11000 11110010 000 0011111.

*5441 11101 110 1101111011000 11010 018000000 111 11.1”1. 11., 111011 1100 0010101
010 01000 0101 00011100 111 Fred; 01 001 ikke 01 00101 om, 01 han 010100 iate
1001001 011 00101 med Prinsen 0101001000 800101, 1101 1110001 00000 01 011010, 01 1100101 ⁴
1101101 010111 11001 001; 000 Ρο1000, 1100 001011010111111010 010, 01 som hun 011011110-
11010101, 01 Hert. kihrecht 0111010100 010010 001101 Maria, 00080100 maa 1010101111 1101001
1101000111,001011110100100 1110001, 00100100010100. - 8101111111, 18. 1011, 00001101. 1110111
Udt. 11. nansi 1010001111,1100110101001110 0001010000011011. 1871 S. lot—105.

2408. 1101101, knd. 0. 81111. 0. 1000111111 1100100001 S. 19-24 01 S. 110-34.

5448. 111. ik. 11.) givet Christen hange itrev 11000001010101 100 111110 1111111101,
- 19. Juli. Udt. 10010001, 001 08100012. 001. S. 157.

*5449. 11011. 1100110101 80000000 01010111. Fr. 11.,111011 1100, 00000100000011
tii 010 0001000000 01011111100100, 0111010101 00000 111, 11110 000 1101 11101111 1111001100
011 000 000 001101101111100, 0111111111 010000110110 11010 001010; 1100 10101 000010 01001100
111 1100110101. - Stolpett, 19. iiiii. (Tydsk.) 110111. 00001 1 1110001111. 110000101001110110011-
10010101οτ011. 1871 S. 1011,

’5450 11101130 001100 0101 111 11100000 1110 01100011 111011 01 10001 11000001,
0100 010110 1000 Fru Margrete Rantzau, 1001101 1111011000 01101100, 1101010010 10081010,
00 11010 11110110, 001 10101001, 000 11000101 111 01011010100 01 00 111 810011011 8101
11010000 110110, 01101οο01 81011010 811010 ikke 10000 100 001 0001000110 ’10101000 - 201011.
11101000, 11101. 111100. om 1101111011οᾱ 8. 57-58.

*545k 11100000 0111111 00110 0111110111 00100 1110001010 00100 01111010 1 81110-
burg, 11101 00 00000 ikke 11010 1000100101 8100 01 11010 1 11001. - 8111100011, 0. 2011111.
1110001. 1111 1111011101. Sami. V. 245.

’5452 0010100000 011010. 01010 Ρο1100100 1110111100 1101111101 1 1000 00 001101
1111111110. - 1101001101, S. Margrekhe dag. 11010001, 11101. 10100011. 2. 11. 11 111-18. .

’5450 11011. Misius, Biskop 010001, 101111001 00110100011101110000110101011110

01101 01 00110000 81011018000111111. -1111001011, 23. 1011. 1101100110100100. 1111010. 0110111111-
k¹¹⁰¹¹fl¹¹ 8151154. 1101001. 0011010111 110001 0011. Hans 0. 101010 01 11101110 110 1110111010,

010001. 0111100110 11010, 111 1101 1 00 8011000 0011000000. - 1101100101, 2400111. 1110011
00101101οῑ0. 110 000010001011 111, 3-4. 11100 1101110101. 0. 10100110 1100011111 111 1101101011, 0012010111

’5455 11001000 1100000100, 00101011000000 8110000010, 1101100110 0110111 110 00-

- 10010 000 visitationis 00000 011010001. - 11110011, circiter 11010 6 010 27. tutti. 11111111

post 2010111.

00. 10111.

tutti.

0. 10111.

100. 1111110101. 0. 11. 110.
’5450 10010 0101 00 0000110 8111110, 0001 10111010 00001 0011000 0. 2010111.-

Uden 001. Udt. i 00100,1111011010. om 0. 0000110 80010111. 81.
ἡ5451. 1111011. 0010111011. 10010 01 10011 10011100 1100001 1 0100110 111111011-
0010010001 1 »die 110011 811001100010011, 1100011011, 800001 0. 811011 (8. 00111111-
11αο1101111, 13010111. 1110011.) 01111 zeitschr. 1. 80010111.-110101.-1.000011. 000011. 111, 1101101101. 810
’5450 ituri. 11001101 01 80000000 8111111100 11111.1“1.11., 111011 han 0101010111.

018101110 1001111100οο 01101 111 110001010000110101, 1000111110 1111110 111 1110111 111 kus-

00100 01 0011100000110110 Parti 1110011000. — 1011. 1110011 1000011101111101101111
1. tl. 0110110. 000011. 11. itt-65.
*5459. Fortegneise 0101000000110011111010 810110 1 0010100110, 0010 1000000110

ai kdmirai 11000 10010100. - 0000 001. (latitationem. om 0. 000110810011108-61

 

