451 113113 13333311 3311 113311.

1155111111 ’5420 133 033313333311 1331131311. 1111111111, 312000133313 11113313111113

31313 1311311 1 0133313131133. - 15. (luni). 1813331.) 11111.111131.11311111.11111, 2. 391.

1111161131. ’5421 133311 (13313133331 1113113131 11. 1111111111, 311333 Μ11333311 1131 11331
1031131313331 113 11111113, 33 31 013 1133313 11313 11131313331 33 1333111331. -11133
Datum. (Svensk.) 1111111131. 113311. 1111, 2. S. 90.

13131111. ’5422 11. 1131111111. 131313101330111131313333 31 333333 133 1133111133 113313,
3313 311 3133131311 0133331, 331313133311113 133 113113313113311313 1313131113 113133
Μ333, 131 133 13131331 33 33131 8313113113. - 8133113131, 1111331. (813331.) 11131111 111111
113311, 11111, 2. S. 9011331.

11. 13311. ’5428 11. 111. 11. 133113131 Daniel 11331131, 31011131133 Munck 1131113133 313131

33311113 813113 33 131131 313113 1133113113 1311311 1 1331313311331. - 1333331333, 1.
17. 1111111. 11311311.) 11311313, 11131. 111113311. 2. 11. 1. 521-28.

11. 131111. ’5424 11. 111. 11. 1311333319313313133 31 13331333133 4131 1111311 33 1113133333
Μ. 1311 Μ31333 1 1131313133 31 311311333313113111. 111313133333, 83333313311. 111331
83311, 331, 31 1131 1331333313 8333, 11131 8333, 1333 3113113313113133131133131131
1313333 13311 11331 8333, 1313113333 313 131 33133113133131113113 11131 313 11331. -

1331331333, 11. 1331. 31111111331. 31111. 11. 333.
11. 131111. ’5425 11. 1111111111. 1113131311311311131 131 1111311133 8331311111 1 1133111311, 03-

13133 11331333, 111 31 drage ind i 813113 33 1311133113 1331 1133333 313 1131 31311313 “

[13313311 33 813113. - 8133131111, 11. 13311. 1813331.) 1133111.131.313311.11111.111.3111-11.

1313181131- ’5428 113113 [1313313331 313313331 333 ny 313 8331131133 111 11. 1111 11111. 33131
111113 13111 11111333 113 13111313, 13 Ν1313 1111331333 33 1131313 91313333 313 3313313311
8131131. - 111133 1131313. 18131131.) 11111.111113.113111.1111,3. S. 91.
18111311. ’5421 11. 111. 11.’3 331133 9131, 311133 131313313111331311133113111111311313131.
- 18. 111111. 11311311.) 1111.1111111313,11131. 11113111. 2. 11. 1528.
antem-Junii- ’5428 11313 1113333331 11133131 11. 1111111111. 31 1313 31313 33 1333131131
13111313 8131. - 11133 1131313. 18133311 11111.111131.1133111.11111,2. s, 93.
1913311. 2406. 1131113111 33 113333, 831111. 1 d. 1333113 1131131331-11131. 1. 16-17.
20. 13311. ’5429 11. 111. 11. 11131111311133131113311311 313 131311311133 83331 13113133131131333

13331333311113311313131311.-113333111133311, 12013311. (Tydsk.) 1131113311111111111111.
20111311- m [51854111. 11. 111. 11. 113131 1133131113311311 33131 11131133 111313 83331333 111 13331131

’3131131 133 3131313113133, 131 3131 1313 113133311311133313133331. - Kappeuhaqen,
d. 20. 1331. 11313111 11313131,11111.11113311.1. 11. 1. 333.

3313311, ‘5431. 11. 13. 1133 8131 111 11331311 11331131, 11311 133 13113331, 31 1333311313
4113133, har 1311333113333 111 113333133 131031131131, 33 113131 1313 3113133 11311311.

- Koppenlooqenn, 11. 23. 1111111. (Tydsk.) 11311313, 11131. 1111113311. 2. 11. 1. 530-31,
15111111· ’5432 11. 111. 11111131 1111133131 1131111311, 111311 133 333113 1111113331 133333

3133111333 031311113331 111 3133313 13333, men 333131 11,0001)31311331 11331333313133

111311 01311113 131 31 33133311311311 1113311 113333133. - Koppennaqm, 3, 35, 13311,
(Tydsk.) 1111113111, 11131 1111131111. 2. 11. 1. 581-32.

⁶25. 111111· ’5488 11. 111111 1111. 11113131 113113 9333113333 31 31311313 1133113331333 333
13111313 8131 111 (1313133 13 Mornay 31131 en auden, som 1133333 131111 131311331. -

8131111303, 25. 111111. (Svensk.) 11111131. 111111. 113311. 11111, 2. S. 89, 4331.

 

 

