Κο10 0111001111 0011 Tamum. 59

'sun mollem 00 0101010 03 0011010 8000011110, 11101100 81110011 113. 1. 1οῗῒὲ
1011011010 Gods 1 00010011 10001100 111 01111Μοᾱο 1110110111 00100110 03
- (Calmar, 01100101101300100311.) (8100011 10301, 0111111131 11111.

11. Am. Β1111000,111.0010000111100111011,11111101110101101111,011011 1. 110111.
:span Bnocmn 10101131010111111. 111 110011. 0011101οο 111000111 01 10101010

100000 den 01 00010 1010111110 1013001111 med paalnhende 1101101, 1111

-- Calmare, 111111 Gudz helgone dagh. 8101011001110301, 0110101 131 1111111

ssep. 111111. S. 67-68.=

11. (1110111 00110100181001111000110100101110, 01 han er 30001110 000 1111111010.
’1011010011 01 Τ110101 om Gulland 03 00 8101010011103000 1 0011010111 111 01

Uden Datum. (8110110111 001. 18111111001,1101011111111.111.163.

’110011 01010. 1 010001,01111111111 111. S. 114. 1110111.

11. Can. 111. 10110101 11111011 811011 1100 0013111111, mod at 1101 00101 3. 110111.
111. 010, 150 Μ1. 001010 00111 Naturaliter 0311011001οη 01 001 011000. -
0001100. p. omnium sanctor. 0101101113.1.11.111.213-11.

Κ. 01111111. 0011001101· 110130010111 1111101 1110100101 500 010. (1 1111. 001111- Ι
0111. 111 31 Sk. lybsk), mod at 1100 0010101οΙ give en vis 11131111 10130 03
1111 1101100101 01 0011111000. - Hasnioe, fred. p. 01111011 sanctor. 011110 ung.

1. 101111 11111100 100011011οῐ 11. 001111 11111. 111. 0. 011 110100100011001101101001 0111111.
30 010131001011 1 81010 1100011 1101111311οθ0 01 Μο11010 03 Hert. 01 01010. -

1. of Novembre. OEngelsk.) 81010 000010. 110011 111011111.101.1’111.470-75.

5. 11110011010, 0100 12 1110111010 1011000 11010100 Μο11, 10300 00 6 011113 0111111.
11100010 00010 1 11010100 03 111 3 011103 1010 111111. 1111011011 810110 Ρ110010-

med. - Lflrd. 1. Mortensdag. 001.111101001,11101.Ε11011.0111111111011008126.

111. 1110111110 1110 1110111101· 000111 11111. 011 00 110113010 1011010111301 013. 11110111.
ab 11011010 00100 03 11010311000 01 Μο11010 00111 00 sonere 10011011 000110

1 0311011. 01 (11010. - Lite, the 11. 01 1101011110. 1111301011. 0111011100.

1111111.νο1101110014οξ01711111100111. 1111103101 01 01110100 0111101 101113 11011011 1100- 12. 110111.

1111111 13110101010001 1 1103101101. - 1100. n. e. s. Μο1111000 003. 11111-

’,6111111880111181160Ι 1811111οΞ, Ρ10011011 1100011010, 10101 01 01010110 000 811000, 0011 0101 1118110111.

1010111030000 100 1103111001ηο 100 D. 0111011011Μο10113011001οο10, 0011Τί0 han
11. - 011 11101130 11. 0. 0. Martini dag. nardum, 11111111.111111111111101101. og

11311111.11111.0311110 1 11110010 10111100 00 00111330000110110001, 01 det 01 13. 110111.

0110111113, 011110 10100100 1110111000 03 010001101111010 01101 010110 011100 013
11111013,110111130100 0010010101 03111011. - 1010. 0. 0. Martini 003. 11111

111111 11101. 03101031. 111. 285,
100. 10111111 110110 0101 111 11101101 1 8110010, 01511001010111301100001 21. 110111.

1101011001110101113111 01 1000 0110, 0011 ikke 11001 14 00300 1101101) 01101 00110
11113100100103110 00100 1101110, 0101111111. - Memfi, ,0, prae prasenmionis

111 111101111. 81011. 11. 111-18.
3·

 

