8. 1131111.

11. Augusti.

14. Augusti.

14. Augusti.

14. 1131111.

11. Augusti.

lu. 11131111.

111. 1131111, ·

17. 1131111.

11. 1131111.

19. Augusti.

480 Kouu 11111111 111 11111.

uiue 81111, 111 113, 1131111 Hert. 11111 1. 11111 111 pua Fumeru‚ 1111 11111 1111311 11
ikke 1111111111 113 Hert. 111311111111111111, 11111 11111 111 111 111111 1111 111111
1 (11111111111111 1111 11 1181111111 11111111 11111. - 0111113111, d. 31131111. (11111.)
1111111111. 111 6111111111. 111. 27-29.

’5721 11. 11. 11. 1111111111, 1111 111811111011111, 11111 111111 111 8131111111
111 11111111111113 8111, 1111 uyde 111 111113 13 1111111111. - 1111111111113, 1111 Vm. Augusti.
1111111111. 8111. 3. 11. 11291-91.

’5721 1111111. 1111111111 11111311 111111111111111 111 11 11111111 11 111111
1 11111 11 Μ111 1111111111113 111 118111111111, 111 111 11111113 By skuldu 1113311111
14011113 8101. - Coldium, ll. Augusti. (Tydsk.) 1111111111.11161111111111. 111. 36.

’5721 11111131 1111111 111 11111111 111-1131113111 13 ,111113 1111111111,
111 111111 1111311111. 11111111 111 11 111111 11111 111 11 111113111111 en 1111111113.
1111111 111 111811111111113111131111111111 1111311 1111111111 111111 eu 1111111111
111, 111111311311 11111311111111111 131111, 111 11111 111 S. 111111 ΚΙ. 1 011111,
13 11311 11111 1111111, 111 11111 1111111111 113 13 1131 under 8111111113 Arni, unguet

1111311 111 1111111311 11111 1111111111113 111-1111111911, 14. Augusti. 113111.)
1111111111. 111 1111111111. 111. 29-31.

’5721 1111111. tiujendegiver 11111111 111111, 11 111 111 1111111 1111111311
Lycke 13111311 11111111111111111 1311111 111 111111111 1111311111 113. 11311 (1111,
111 1111111111 1111111, 111 1111131111111111 111131 111 8111111113 11111, m, m, -
111111πή131, 1111111 14. Augusti. 11111111111111111111111. 11131.

’1727 11. Fu. 11. 11111111131111 11111111, 11111111 13 111311 111 111 13 AEm, 11
111 111 1111 ’111 11111 11 31111 1111111113 pau 111 11111111 1 Fyu 1111111111 31111131
1111111ῑί11 over 111 13 AEr03 111 11111111111111 11111131111111 13 111311 Rosenkfanu
111111111111 1111311111. -— Hasnioe, 14. 113. 1111111111. rm 1111111111. 111. 31-32.

’5721 11. Fu. u. tilkjendegiver 1111111 13 menige 11111 111 111 og AEw, at
Krouuus Anpurt 11 1111111 13 111 1111311 11 1111311111 1111111111 1111113111, 111
11311711111111111118111111113, 111111111111 skal 111111 111 111, 111 111111 1111111111
11111. ,111311 11111 13 111311 1111111111, 111 11 1111311 111 111111 111 fleme. —
Kiobueluaffu, [bend 14. Augusti. 1111111111.111111111111111132,

’17211 11. Fu. 11. 11111111 111311 1111 111 111111131111 13 flammeus 111 1
Norgu. — Kjob„ d. 16. August. 1111111111181111111,111111111114-55.

’5731 11111. 11111 11 8111113 13 11111111 1111111111 S. 11111111 11111111 18111113

1111 Ρ1111113111. - 8111111 1111111119, (11. August). 1131111.) 1111.11111111. 11111111.-
uolet-Laneus. (11111. 111, 1111111111. S. 123.

’5731 11. 11. 11.·111111111113 111 0111111111 1. 1111111111, 1111111111. p, 110135113.
1113, 111 113113 11131 1113111111 111111113111111 111 111 111111, 111 111111111111,
og 11 1. Maj 1561. - Iucu, 1. 17. 113. 11.1111111111111111111111111111.

1732. 1111111. 1111111Μ1311111111 1011111 11 1111111 1111, 11111111111111.

111311 111 0111 11111111 (Bagou), 131111111 11111, 1111 11 svare. - 1311111131, then
17. (lag Augusti. 1111111, 11. ΙΙ. 13 0111113311 8. 11.

’5731 11111611111111111 11111 sinuntur, 111 1111111 1111111111 1. 111311-

31111, 1111111111, 11 111 111 111111 1111111311111111131111111 ikke 111 1111 1111 11111
1 hau: 111 11111 11 111· 111 1111311 111 11 11111111111111111111 111 111111 11311 111

 

 

