614 nominaverim 6611116611.

'i .
ἐξ· {¹¹¹¹- ⁴7333. 11. Fu. ii. 1616161 1161 Wifferi 61 61611616 (1611111. wiffare, 1116161661. e.

0166663661, 11616 111 [1116116311661116 nHueerme· i 116161616166. - 8166161613, 1
25. iuli. 1111. 1 16161 81616666611111. t. 016666 11366 11161. 11. 2. 8. 1811.

1

25. ¹¹¹¹st *1331 11. Fe. 11.’6 Brev 111 1666666166 11111 1.,1116, 61 166 161161616186366- ’
16661666 1116166 8636, 6661 666636616661 11616 161161 1166166 111 111616161111611 3

detes 8636611661, 61 16 616116 61161136 1616 66 6366 8636661661, 1111161116 1661116311
1616 63161, 1161161 166 1 3161666666 Naervaerelse 6161 1111166163116 11616166 1111116166
111116, 61 166 6116166 ikke 6166 1616116 613 med Merup 8636, 6661131616 611111, 61111.
Ν1616 11111666 166 11116 161161 111 8636661661 161. - 8166161613, 1. 25. 163111111.
Ny 111161161. Semi. Vl. 669-70.

2616111. ‘7335. 11. Fe. 11. 16161116111616, 0161 1116616, 161 1611166616 i Μ61663636,
616 61 161616116166113 111, 61111. 111616 11111666 166 11116 161161111 8636661661161, da
der 6161 161616366 61 nyt 1613 161, 61616661 161 1611136 666 863666166166 111 116116
111118 er ulovligi. — Skanderborq, d. 25. Iulii. 1111161161. 8661111610-71. ’

2613111111. 7336. 11. 111. 11.’6 511116166 111(1111161661611116116616111, 61 166 6161111116616-
3116 Antonius 1316116161, 61 1161 66166 166 6611 61161 1666 Svend seiger med 1161161
6161 166 66136 161, 61 16 1616 11161161161131 61 111161 63 66116 6611661136 sager. -

Skanderborq, 25. Juli. 11611611163 16666, Semi. t. 1. 1666161161161661.111611216-41. 11111111.
Phermeei 63 116611 xix. 111-13 (her med 1161616 30. iulii.

· 16116. ’1331 11113161616161Ρ66660166166616.-[11661163. 6666161634.11.11.168-91. .

31636611. 3318. 11. 1611. 1616161 16161 Gyldenstjerne at 616166 0116 631166611616663
11111 1163 161 sig 1111136 Ι166116116161166111666, 8636661661 111 06116611), 63 tage fliifld
61 1166, 6116 ikke 61616 616116116 63 16116136 11166166 63 1666 Feli, 6166 1161161666

31616 1661 161 63 1161. - 1136, 1. 3. 163 Augusti. 1131616116.6616111511-ιᾶ 61611
6616366 61 16116 en 1611 161 11666661 (S. 553).

⁴· Augusti. 1339. Hert. 11666 6. 66666 11616161 16113336166 1 1111111163 1161161 611166161616-

ligere end 11111111. - 4. August. 1111.1111116116186611.3.11. 1. 11363 1 163661116111, 61616163 ¹

Len S. 119.

6. 116616. 1340. Ν1666 166666 1 1616111 [11111163 1161161 16161 Retinens 116111111011 ¹

fljaeip 16161 [1661666166 1 111166 16111163 pee 66 6611131131116116 81661113111111

1666 3616161616161161611161, 1111161 166 6161116131666661616611163 16116 1161161111- ,

1636, 1666 ikke 16661, 16 16 66316, 6116 16116 1161611 161, 1666 6616 66 611136161 161
16611661 161 Lyeet. - 6. 163661. 1111. 1 1111611111. 661613. 11. 1. 113.
7- Augusti. 7341. 111611. 11111661631161 1161161 63 Ρ1616666161 1 1111116, 61 1666111111

161 161161111616 professore, 6616 66 1 6116161161 D. 1166661661 161 161161 161131, siai i
deles 61611616 116616 8111166161 16661 1166661611 6311111111 111166166666, 1616161616111·

11616 6166 hands. - 116111 jacheim 61111136, 11661111. Augusti. 11661616, 1611166. 11616161.
11161. 63 111616 S. 296.

7. Augusti. *7342 11. 1611. 1611316111611316116166 06616111 111 61 6116336 6111661111 ⁵
Danmark. -11119111161, 7. Augusti. (Tydski [11163111616111161611,111161611161131616611· ἶ

1666 1166111111 1. 308.

13· inguen. *7343. 111166661161161 61611661 Η611. 61 11166 63 (161666661616616, 11111111 J

11. 66116 stater 63666 [16661611 661666 som 66116361 116 161 3166611136 1611661. -
8116661161,13.60111. (116661.) 1111631116161111.11661611,1616116111616316116611661111·Β“
iiiiii-85 1. 113-11.

 

