· 264 111111 (1111111111 111( 1111111.

Side, 111111111111 1111111311 1331111161111111111111111111111111311 aaben, 13 at 1
de 11111111111 Byer 11111111 have 1111111 Η111111111111111 1 1111131161, 1111111 1111311 11161
hans 811 11111111111 111131. -1111111911196111111, 111111. 1. e. 111111111111111. 1111111111.
1111113. 1. 821—22

*30811 [11111111111111111 1111111111113113111111111111111111113111111111 111 11 111-
1111111. 1111111181111 1. 3111111113 111 11611611111111311, 111111 han har 111111 (111 1111111
1 111111, 11111111 1111 1 1111111113 11 1111111111, 1111111111, 13 111 1111111131 11111131 (111 611111
1 Plogstrop, som 1111111111 og han have 1111111111111113131111 11111131 ode. -111116,
011111111111311111111311. Ny 1111111111. 811111. l. 4111-11. Ν161111,11111,1111611.1111 1111111 11111111 8135
1111111111 11111111.

’3090 1111111111 8111111111 11111111311 1111111111 11111111 11111111. med 6111.
111113 Husleje 1111111111 Kjeldssfln, 113. 1 11111111. - 1111111πή111, Ρ1111111111. 1111111111-
111111. 11101111111111111. 111, 1111. S. 37.

*3091. 11. 11111. 111. 1111111111111111131111113111811111111111111 111 (11111131 111-
11136 (111 Skjaeppe 11111 1111111 111111, som disse 1111111116 1 (111111631111111 Aar, 111116
1111116 1111111131 11111111 Ρ1111111111111. — Kiopmhasven, 11111 1111131111. 1111111113.
4. 11. V. 122-23.

3092. 11. 01111. 111. 1111111111 111. Μ. 111113 13 1111111111 1111111111, at 1111 111
1111111 111 1111111113 (1. 23. August, 13 1111111111 (1111111111111111111 113 (111 1131111111·
113111, (111111111111111111111111111111. - (1133111911, (1118.11111. (Tydsk.) 81111111,
0111111111. 1111111113. 11. 1023—24.

’3003 11. 0111. 111. undem-atter Jaspar Rantzow, 11111111. 1 1111111113, 111, al
han, skjant han 11111111131111111111113, 11111111111111111111113 (1. 24. August, 13 .
11111111 ham 11111111111111111111181111111111111116 11111111113111 1 (11116 1111111113 13 .
111116 1111113111. -11111111119111, (1111111111111. 11311111 1111111111111111111.1111111111. ³
11. 708-709. .
3094. 11. (111. 111. 1111111111111111 81111111111111. 1 5111111113, 11 1111111111(- 1
111111 111111 11111111 11611 111111111111111 1 1111111113 af 11113111 111111111111111111111 1
11111111111311111.11130031-011111111961,(1111111111111. 1111111.) 81111111, [1111111111. ¹

1σῖ181181)Μο’3ιο1110Ι 11. 11111. 111. 111111111111111111111116 11131111111111113111113311111111111

111 (1111 1111111111 1111111 1Ν1. 141191 11111 1131111111111111111 31111111311, (1111111111

011111111111111 1 (11111 Ν111113. - Kiopnekasn, 11111 10111111. 1111111113. 4, 111, 1111111111
11111111111 111 1111111111, 011111113111111161111111111 11111111111111 Brcv 11 1111111 1113, 11111111. 3121.

- 111. 111111. *30911 11. 11111. 111. 11111111 [11111111111111113 111111111111111111111 1111 111111111111
111 hans 1111 13 11111111111111111111111113 11 (11 111131 113111111 1111311 111 11111 111111
1111111113 11· [1111111111 13 1111111161111 staden. — Copperzlmqen, den 11. 11111. 11111111

861111111111111111111. 1111111113. 11. ’111.
11111111. ’3091 11. 11111. 111. 11111111 11111111 1 1111111113 1111111111311111111111311111111

Petersens 1111111311 paa Hans (1111111111 111 1131111111, som var 1111111161 11 ham, 11111

311611111111111111 11111 81111111; 11111 111111111116111111111111 11111111( 11111 Sarouon, ν
Coppenllayen, 10. Junii. (Tydsk.} 8111111111111111111111.1111111113,11.712,
11. 11111. ’3093 11. Can. 111. 11111111111111611 1161111113 1111 ny 11 1111611131, 9113111113

11111111111111 11111111, 1 11111111 (111 1111111111 11 11111111 11111 1111111. -1111111111111, (11.1
111. lunii. Q'l'ydsk.} 8111111111111111111111. 1111111113. 11. 713-14

 

