115115 (1115151111 5111115511. 155

Punkter, 1155151111555 5111. (1551111. 1515511155115 11555 553. 8151135 111.1 111111

151511, 551151511535115 1151 53 1111551511, 5151113 5155 1155515 111 1515555·

511 garnie 11. (1511111515. -- 1511515115, 55515155151111. 1815511.) 51. 11111·
3⁷.

szmos 1115551155 8111155511. (1115151135 11511153 11111.111.“18421, 51511 5511151551.
5115515511 oi 51 55555515155 111 115115155 53 51 11111. 11 1155151111 1151Ιί3
11 1 7 Aor 3111515355 0515151153 1115155151511.(151151151511111111115351
,1 ikke 5511551551555.-1155511511115. 51.111111131111511.551-11.

11. Can. 111. 5551551151 (1151151 53 11515515 [15115551 111 115151 Ι11515 151 151551.
«— 11511155, 5515. 5. 5151555555. 1111115511511134. 11. 11115.

morans 5115515115511555, 51 11555 8511111515, 115551· 1 5151155 111., 151551.
15 pac, 111 15155 fluido 1515 155 (1155-15155 1 11555551 1 40 iar 55155
15 1151155555 115515 5155151. - 0555. 5. Valentini 553. 1115511.111111-11515151155,
55.

. Prior-rr 811111111111115 53 45551515515151555 55151 13 555551, 1515515- 1115111.
113555 55151153 151 5151115155 i 55 553 15511515 5511515115151555 555 555 53
11151555 1. vindingo 53 Nicio Anderson 1. 1555351 555 5511 55555 Side orn
135555, 1111115555 551151511515155115 11515115, 5551 11335555 1111155155155 111.

ν, ipso 1115 5511151115Ρ5111. 11515151,1155151.11511.11111.,Α1111.5351515510-15.

1. (1515551115 1. 1111111511 1. 35351555 5535511551 1555 Hert. 15555 51 151551.
1515155 15 (155155 1 115155515 5155 15 555155 1 11555155. - 11555155515155,
11. 1110555111. 1Ρ11111111111.1 15515.1.5.11555115.11511531511181-83.

8. 11. Curi. 111. 111511115131155515511 8155113 53 11515155), 51 555 111 deiuge 5. Μ,
’5511515355 51 55 515551 511115551111351511, som 313 sondro suaet gromen m

5515 1555 51115 11335555 551 55 115 5115511,.- Coldium, 555 V. 11151111,
85155115, 5151555151. 1115515513. 11. 111-15.

19. 11. err. 111. 5515151 155551 11551151 11151155. 1 1155555131 51 11115555 11. 1111111.
11551151, 5151515. 5. Ν515513, 55 55151153 111 51 151515 600 5111. 11551 53
i Flcnshorg, 555115515551 551151551535 55115151555. - (1515151511, 5551111.

ask) 5515511551515155151. 1115515513. 11. 416,

50. 11. cnr. 111. 5515151 1151515515155 115115 51155 111 8115555151 51 55555 55315 15¹ Μ,
1 55351 Tro 111 51 511515 51115551 51 111 1111555513 15511 5555515115115115-

35515 55515 Maend hid 111 5515153 5151. - Vort 51511 1151115111, 15115. 115.

nd, 55155115515155111151. 1115515513. 11. 982-83, gmlgn, 3113-11,

151. flios 0151551, 51135. 15151151, 15. 11. 11555, at Μ. Ρ5551 555155, 55355-151111111111,
1131, 53111515 1155555, 11555515. 1155155, iii 15153511555 551, 51 Ρ5551 (11551.
3, 315515511151155555 5515 55 11515155515111151151, 151551 11151515 11513531, .-

5, Gertrods 1153 55555 15151. 115111111155111. 55511. 3. 11. 11111. s. 55111551 5113
:a cn 5515131151151151555 151555 11511 1 5515115355.
152. Μ· PAULUS Νο11101115115, concionator 15315, iohanni Pistori 11555551 scribit, 1111111111.
1151555115 1111116111) domurn ab 55 15551515 usquo 55 15511151 Poscor 11555151

Β κ(3511111111,1111151111. 11111151111115111151111. 511555.
. 2οι

 

