1544.
23. 161111.

24. Iunii.

21. Iunii,

10. 16111.

10. 16111.

10. 111111.

106 116116 6661611166111 1116616.

--——-...—-- --

*1259. 1161111. III. 11116161116661666661111611166111161611166666 6161116116 sig
i 11161661616166166, dog 61 han assaegger 61601166611611 og 6111611161 sig 116 1161111166 og
Undervisning. -116116116111, 6616666161616661616111. 1111611 1111161,1166111.6.1111.,
66161616161111. 1166616661 16116166 S. 29-30. 861161160111161116161. 116661611. II. 341-48.

*1260 II. Cnn. ΙΙΙ. 1616161 111. 11616 111116, 81611. p. 1111166. 8161, 61 6111116116
166 6161616 1111111611611 66 1616116611. -11661111191161 61616661616111. dag. 11161111
11611661, 061611. 116 1161111616 11611611 116611116 8. 30.

*1261 11. 6611. 111.’6 811116166 111 Dr. 1616616666 6111 166 6161 16166166 1 8116161
6111611616 1161 og 661161161161166 61 16 111 1611136 8161616616 6161666116 Peng03 nllige
66161161161161111661 om, 61 166 1611166111166111661166 1661, 11161116 11111161 og Philip
116166611166 150 6111611 6611111 1 816161161161161661161, 6661 11661166 1111111 161 11166611

116111.-11611611111·11, 111111611101161111161111111. 1111161.) 1616161616.116661611666161.1235-31.
11111. 1 11611. 8111111611 XXXVIII. 287.

*1262 II. Cnn. ΙΙΙ. 1661661161 16116 1166166166, 16611616166161, 66116111 111. 161
600 111, - 1161616111, 1161. p. Iohannis bapt. 111116161161116111·111195·

1263. 1161116111. 1116111161 11611. Ernst 61 1611616111, 61166 1116 166 6116116
1166111666, 161166 1161 661 1111161161 6161 111 16111 Pauli 0611 129. 16611 1 1116116 1616616161
Made, 61611111161 og 1161616111 11116 61611116 1116116111 11616 61111666 1116116 pan 11611 666
03 ppmafskerne pan 166 611166 8116; 11611. 1166111 61 1166661116613 61 1611111166 111 11616
her 1 1166616111. - 1166616111, 6666616616 6. Iohannis bapt. 66116111111111161116161. 1166611611-
11. 962-63.

*1261 11. 111111.111. 1116111161 11161611111116, 81611. 1166111166. 8161, 61161
1166616 8611161611, 6661 61· 6616616161 111 1161616161, 6161 61166161661666161611161 1 161661
moster, .. 1161611619, 161· 11116 dag visitat. 1616161616. 116 6616161661611. 11. 263,

’12611 11. 6116. ΙΙΙ. 111666161 1611666 1111661, 11666161, 61 11161 116 1166166 111
1616111161Ν1. ’121141 og 16161 1616 6166616 161, 111161166 6161111 61611 11661166, ogi
1661661 1611 111661166611616 6611 611116 6111161 111 1616111116. - 1161111611, 161 11116
(Ing 11611111. 1616161616. 116 661616166161. IV. 264.

’12110 Μ6666 16666661611166 111116, 614 Ansynsmnnd 6111161616, 61 16 666116
1061616116 og 1116116116 11116 111616 616616166 61161Ιί11 11661111. - 161611. e. S. Petri
⁰ss pauli Dag, Brudst. 11611-1666166666,1166661166618150-111.

'1267¹ 1611111 11111661, 1111611161, 61161 11661666 0116111161, Η1. 1616111116 61111-
1611116 20 11166161 116116 111 11611. 6111666666, ng 61 1616 161 1166616 866161616116616
1166116116 1161611161 pan 611 8111 1 1111116. 611611661611666, 11161 161 1116 16611661 saa
mange 1166661616.- Heslapper‚ fred. n. 6. 1611166 1611161161. 1111161616.11161161661161.
11. 161 66.

’12611 II. Cnn. III. 1661661161 1611111 6616 111111161661 111, 161 2500 11. 611,

1661 athan 6161 661611161161611111661116. - pompm-19, 61166116616116161. 1161. 1 1166116
11611. 1. 11. IV. 213. 1111. 066161161116111161111. 1131-110 S. 269.

·1269, 11. 11116. ΙΙΙ. 1661661161861161611611 1116111161611616166 161 2500111. 611.

- 1161616111, 11ᾇ 11111111 1111113111 (lag. 11111 [166116116141. 11216. 1111.1111616116161111611111.
11135- 110 S. ‘269- 0.

’1210 11. (11111. 111. 1661661161· nnn III. 111 11611611 116116 1166 11611666 11661161
1611116 16140110111. 11111, 161161 11611 166611611661116616616166 1111611116 Underhold. κ
1161116111, 6. 11661 16111116 dnn. 1111. 1111116111.1.11.11.111,

 

