4. 166661.

5. 16111161.

’1. 16611111.

392 Κ6116 1111666611 6611 611661.

-ῄ--η-’ψ ———.-.-—.-.——— -.-.

1

*4661 11. Fu. 11. 11616161 1666666666 1166111116 8161 61 1666 1116113 16111616 1161161 ¹

Νἰ61666,111616011611161666111Ν611161166131611616111616161316116666 11661111 6311616. ζ
1116661. 1 11161666, 66166161 S. 9.
*4662 Biskup 11166616616166116 Auge 61611116116611166161161611661. 1661611116,

11666166611166.111393-91. Udt. 1 1111636616, 06166 6666116 1166116 S. 322-23 63 1 11611616161116666,
1111666 1161166 S. 168-70.

’46611 111.1161661.8116616661661111161 111 11. Fr. 11. 63 [1611636166 Hans 63
116611 66101161161666 61 61Ρ166636311116 1 6166 8166113, 1116366166 66 Plan 661 summus
lndretning. (Plattysk.) 111 1111611161. 86611. 111. tot-10 Udgiveren bemaerker: ·Stykket 1666 611111-

6661111616 116 A. 1563·.
*4661 111111. 16666111 11. 61 11166666111113 6111161111 111111. August 61 86611666, 61

1166 ikke vil 161111166 666 6666116 116636 111 613, 1666166661166616661636 11616, 11116 1166
111 1101111116 61 sig 6611. - 1Τ111611,1 6111661 1 11161161,11666111161111111111 66 86611666 S. 183.
'tuuu 111116 1. 1611161666 1161616163 111 111111.16311616166611666 616 ,1616636166

111 666 1161616666 81116 16611661116636166 611166616111 63 816113. - 1116611.) 1111611, 1111111.
161. 6161166661, 111. 3-14.
’4666 111116 1. 1611611111 166666161111111.111131161 61 86611666 661 161661666166166

111 1111366 1166116111 1166616111 63 816113. - 1116611.) 11111611,111611.161.61613666161.111. 11-11

*46111 661163661666161611616116 8111116, 66111661666 61 66 11666116 1 1616111163.
Udt. 111163. 1 11661111, ’111116 reputt S. 13.

1564.

*46611 11.16.11.’6811116166 111 11611. August 6186611666, 111611 1166 616161611113161
616 16111666166 11666 613 1166116161666316166 611166666, 11661113 63 Lothriugeu sumt 66
61666116 111611163611 11661113. - 1111111161, 11661161. 1116611.) 111611611111.6311111.1111111

. 6. 6116116. 661611. V. 11-10.
r *4666 1166666611111166116661616,1116666111161161666616116611616861161161666661

1666 8666116161) 63111666Μ63161161661 6611116116 116616161 1 616661661611166161, 11161166
116336 116166 11663661616. - 66116111 1166111116, 6. 4. Ianuarii. 1161616 11113. 1. 661-46,
utto. 11111616 1161116611 116661 86116161 116666 86116636161 6636 66111161 hos

11611366, 611166 16616666161166 Sum 16616, sum denne 116116161 hum. - C⁰P²²²MA⁰⁷¹A
11. 5. 1611116111. 11166111 11111116,11161.111116111.6 R. 1. 383-84,

‘tutu 11. 611111111111611161661816111. p. 11616161, 166 116116666, 61 1166 11161161

’ 16636161 66 1166616, 6616 116166 1636111666616 pua 11166666, 1661666 63 Fogdemes samue,

6. 10. 1116661.
11. 11111161.

63 athan 16661116111611 opholde 6131116116611166.-1).’1.1666611. (31611611 uui
811166661, 11616161 616116 11161, 1111. 24.
*4672 Juuu‚ (11616 61 16666616, 661 pua Rujsen 116 816113 111Ρ6166 61 16361111

16616 61 1161116666111611113616111, 116661 111. Elisabeth um 116116161163611161 111 11. 61816113,
111 11116 866161Ι (1661116 1166 111 116116 61161 1116661666 1166, 661 116166 16661116636661666
om 11611116. - CopuuAaqeu, 10. Jan. (Latin.) 1161166631816161611616. 1166861. 1661-658111

ῗ411181)3.8θ 1116111111 xlv. 11616161 11611 6613616666 63 Ν1616 Ρ61616666 61 111161661

81666616666618666166661611113616111 63 6111 11116616 63 1616 661 1166616, 66 1666611111
666 666616 Η16111111161166 11661613611666, 61611666 66666 1666116166 op til 11663661
81661111111111.-11.161111611. 1816116111 1161.18111666111,1161661616116111616116111126,

 

 

 

