448 Κο10 1110000111 000 Annam.

1566.
51111111· *5320. 11. 111101 11111. 11010101 610100160100 000 11010101 8101 01 1060 0011Ιο 5111110 ,

011110 1 8000, 00101000000000110060181111, 11. 01 1111010011 1101 00061 111 11001113 01101

Μο010110010011011013010. --6100110110 511010. 1810001.) 0101101. 1 11101. 1110111. 1111, 1.
S. ,11001
1010011001. 33 5321. 61018110101810001,600010000001181010000108111οι011000 meddele

11. 6111 kik, 01 1011010106 1101100 nu 11001101 sig, og 01 60 have 1110110101 Jacob 1110-

1101100οο 001 01 1001100 6010 1116060010101.-116001)111001. 18100011 11111. 1 11111. 1111061, 1111,
0031010
1111111111. 5322. 60100 11000000011116011101 111 1111111110 6010, 111011 han 0610101 0100100-

0105010101001 0101101 110060 og heder 110060 lage sig 01 hans 1101101, som 1011 60001
1100 600 00 016060 1111 Anne 11101600110101, 11006 1111500000 (1111016101 Hustru. - 1101000,
6. 8. nag Martii. 0011100110. 0. 11. 13031·

1111111111. *5326 11. 111. 11. 11010101 ,101000 1106 01 sorge 101, 01 600 0106006010 16011101·
tigst mulig samles i hesseburg. - lund, d. ILMarts. 1110601. 1 110601 8101000011, 1106010011511,

1111101111. 5324. 11. 111. 11. 11110601 6010010011006011000 01 0111103110 601 511111, 0010 60
1006 1111010160060111011010601 11010 0601011 111111301011000010, da det ved 8110061ος 01
gjort uhrugekigt. — 15. Marts. 11011000101110011. 1. 150.

15, Manu, *5325 800001Μ101111100001110111ος, 1111611611111110100110001, 1101100601οῑ
11010 1006111001 25 110101 1116111011 Podbusk 1111601100, 0001 60000 0111601110 61111611
110010 01 5001101111. - 1110111100, 6. 15. Martii. 0100101110411113111

16¹ „mm 2376. 1161. p. 11000111 11101. Τ160011. 4. k. 111. 400-402.

111. 1111111. ’5326 11. 110111 111110 Skrivelse til Ν1010 110110, 111011 1100 1101110301, 01 Togek
mod 1101100 ikke er 1110101 101010301116110010, 0010010151116001101101 0101 000 600000
6006311010 101 [1060010103 110 1110601600 1118101101110110101 1100 ikke 01 11010 hange,
60110106 skal 1100 00101030 00110 1110111000 101 1111110610, 0160600101οε skal 11010010 110

8001600. -61001110110, 16. Μο10. 18100011 1110001.111011001111111.0401001, ntum
01 0010010 10611016 og 1101001 111 8111010 sture 110600 0010160.

10, Martii. *532k 11. 1111111. XIV. 101101Ν1010 1101101016οη 661101600016, 111010106 11001101
0111011101 101 01 1111000 'sog‘ek 1006Βο11110 5101181006, og 000101 11010 1111110, 1601 1100
11060111010 ikke frygte 101, 01 1110060100 010110 111000 31010 11010 nogat ,11111011 000 111006
01601 010110 6010. - 8100110110, 16. 111010. 18100011 11101101. 111101, 110011. vm, 0. s. 31, kam.

16. 1101111. ’53211 111. 1111000010 01 1101110060 1101101011030011110100 11111. 1111. 101 9001101010
611110 111 6000001060100. - 6100000101, 16. Μο1011. 11111. p. kng. 11100111, 1100011111. 1. s. 00

-antekkknrkk' *5329. 6101 811010 18101101 1110111101 11. 11111 XIV. 0111 1111010οΙ 01811110 111
1101110111 00111110]1001061101100,01.01. - 11600 11111010. 1810001.) 11111. 111111. 11111111.
1111, 2. S. 38—39.
111. 1111111. ’53611 11010600006000 Μ10000 1110011011 og 1000011010101100011 11660 1100101
11001101 0101001ςο 111 01 1101010 001110100006 101001101Μο101101111 60100 1100111001
01066010, 01 8100010100 11010110 1101100 0106 14 Skykker Skyts. - 19. Mans. 1116011
1110611111, 1 1111111010, 11101. 111160011. 2. 11. 1. 512-23.
1011101111. *5331 11. 11010 1111. 11101111011111011101111300000, 01 1100 11111101 60 1100601, 000
11010 011011110060101111 11011110 8101, 11110 60 1110 11010 givet 6011 10101 111 60100 1111001
kkjenl 101 111006 og 111011016; 60 11010110 010110 111100 0106, 01 60, 11110 60 00601010110

1110111010, 11110 111110 0110110611 0001 11011601. - 8100110110, 11111110. 16100011.) 0100011101,
1101161. vm, 2. S. 30-31, Anm. ’

 

