15115 15551511 551 51111111. 555

——

151 1111131, som 115151515853555155155115555115551151511515111151111,151 1572,

hg? -— Helltq-Gejstim 111115 1155555555, 5. 25. dag Aprilis. 115 1111511111.

19. Epistola 5151511115 1511111115 1151151515 1551551 1115155 5515, 15 ,1515 15151 1-11111Ι
niu docti Dani Viburgonsis scribit. -- 11551115, 7. 1111]1.1151,11511111511155

15 S. 5-11

10. 11. MAGNUS 5111155511115551,551555556155551111555155558551555155 11· 11111-
inmari 1151 11115151155551 111551, 5511 51 1511115511 1515151511151515 og nu 111

ing 555 515 1151 5111515155, 5155 555515551151 555 15551 forden 111 1551 5115315

‘dem 511115 5155511111, 9. May. 1155511 1115511511. 1 1151155, 11511. d. 115555511111. 5·
1151511111511511 111. 507.

31. 11. Fn. 11. 1111555111555 de 115551515515115 5115511511111115., 51151- 14· 11111·
15555511, 551151 111 555551111555155, 51555, og 511515 111151511515511511535.

14. Maj. 1151151111 og Mansa, Sami. t. ti. 1155515 1155151551-11151. 1. 215.

132. 11. 111. 11. 1515151 D. 111515 Hemmingsen 51 sorge 151, 511151515185111551, 16-11111
Sognepraesten i 85351515, 551 53151 51 studere i 111115, 155 155 1155511515
15515155 1 Heliiggeisthus, 1111151 1155355 15155 15151 155515551. - 1155515111-

1 16. Maji. 11515511511111115111111,11111.,Α1151.511115158237-38.

633. Epistola responsoria 1151151115 1155551 1). medico iohanni pratensi 5515, 11. 1115.
,515115 scribit, 55 11155155551115551515 115515 cupere. - 1151111511, 1111511.

115 1115151 etad eum 55151515 S. 6-7.

634. 11. 111. 11. 11515151 1115515115155 11511515 51 5555155115, 11511151155155 1 2111111.
’51 51151 1115, 55 11551. og 115551111551 15151155515515151. - 11231151.

1111151. og Topogr. vn. 211-112.

1635. 11. 111. 11. 1515151 11555511151355 51 1515551555555115115511551, 1115 2511111.
urigtig, og ligesom 1111515 1111555 1515515155 5115155 55 8115555551 5555153355,

morgi, 23. 11115. 1111 1 1151111111. 1. 155,

1636. Heri. 111115 1555111. Fr. 11. 551 51 151515 1515155551 11115 5155151515 261111.
1151111, 551 151 51155551 555 1511535115 (155511111551531151155. - 251151.
1151. 5. 115151 1 11151. 1155111. 1. 11. 111. 411.

1637. 11. 111. 11. 1515151155510155155151515115111551155551511000551515 21. 1111.
150 5511115151, 151 51 55555 5511555 15555 115515555151155511115155115155

115515 1515111515. — 27. Μ51. 1151. 11151511111111. 11. 167.

6635 101111 1155555111 1115111, 1151511 115555 11511555 55155551 81155 1111155 1. 2511111.
fd 515 51 1555 15155 555 51 1515 og 11515 155551515 11515355 Staevning mod 111.
5111115115) 1 11551515, sordi 55555 1515515551551555551Μ51115 5551115 6555
115151155555. - octiens, 5555. 1. Trinitatis. 111115111151111511.1515-15,

6639. 11, 111, 11. skjaenker Kongetienden 51 11555151 sogn 111 55 1ο 5151515 31. 11111.
ed Kolding Skole. - 501512φή525, 31. Maji. 115111515111511515115151558. 135.

’611411 15155111111111111111. 55155551 11511. 15511 518155115 og 11515155 55151 211511.
· 51 85551511 3 115315551511551511 og nogie 11151555 11511515 11511555 1 1115511

g 5111515151 1 55 5555115131155151515555. — 21551. 115551.) 1151151155. “

15115511.-1ο151.-1555111. 1151511151. 11, 1. S. 145.

2199. erudit. 1 nansia ung. 3. 1. 111. 11511 1111111115. sami. 11, 95. 1111111-

711“

 

