422 111111 11111111 1111 1111111.

1565.

12. Marm. *5010. 1111111111 1111111111, 11111111 1111111111, fundatio (111111111111111111111
11 usum studiosorum, scholasticorum 11 ministrorum verbi 11 urhe 1111111111. - 11111111,
die beati Gregorii. 1111111111, 1111111.11111.11111,111111. ng Breve 8. 202-201.

1111111111. 5011. 1111111111 0111111111 111111111111111111 111 1111111111 111, 1111.1101111111
111 111311 1 1113111111 1111, 1111311111111 under 8111 1111111111 1111 11111 1111111131-
111111111111111 111 Fjenden3 den 1111111 111131 11111 111 mod 11111111111111 13 1111111111
1111111111 81111111 8111111113.- 1111111111, 1311111. 1111111.) 111111, 111 pap. (11111 111 111111
1111111111 111. 64

14. Manu. ’5012 11. 111. 1131 1111111113 111 111311111111 1 0111111 111 11 1111111 1111311111
i 1111111111 2011111101, 1011111111111 13 300111. 111111. - 14. Μ1111. 1111. 111111
8111111111, 111111. 1. 0111111 11111 11111. 11, 2. S. 134.

11. Martii· *5013. 11111. 111111 1181111113 11111111 111111111311111111 1 81111131131111111331.
1111 de have nedbrudt 11 11111131111111111111 1 8111113 111 (11111111 11 11331 11161131
11111111 1111111111. - 61111111, d. 15. Martii. 11111111 1111111111, 11111111. 8111181111113.
Bell. S. 9-10.

15. Manu. ’5014 011111 1111111111111111 vidue, at 1111111 11111111111111 1. 6111111111 11-
11111111 11111111 11131111 11111311 1111111111 111113 111 11111111 Η1. Γ11111111 11111 1 11111311.
- Torsd. 1. 1. 1111113 111111111111. 11111111111111.1111111111.1.11.11.1113-54.

17- nanu. ’5011 Baton de 81111111 11111111 111111 1111111111 111 11111111111111111111311111
81111111 8111111113 13 1111111111 11111131 011111 1113311111 111 1111111111111 sig 1111111-
113111111181311; Ρ11111011 111 om 11111111 11111 111111 111 ’1111111111 sor 11 1111111111

111111111,11111111111111111.-.1’1.11111. 1111111.) 1111111111111.11“1111111111,11
011111111 111. 66-67.
18. 1111111. ’50111 111111. 111111 1181111111 8111111111 11111. 111. 11., 111111 11111 11111111 1113111

111 1111111131 1111111111 111111 11113111118111131 1311111113111 Side, 111 1111111 111111

011 13 11111111. 0111111111 1111111 11111 111311111131. - 01111111, 11. 1811111. (1111111
1111111111. 13 1111. 1111111111. 11111. 111111. V. 311-37.

22. ¹¹⁰1ffl· ’5011 11111111101111111111 11111111 1111 11 111011111111111111111 111 11111111.
1111111 111 1111 1111111111 113111111111111131111111111111 11111131111111 11111111131113

11. Philip 11., men lover 1111111131 11 (1111181311 11111. - 8111, 22.11111. 11111111
pap. 1111111111 (11111. 111 1111111111 111Ἰ 16.
26. flattu. ’5018- 11111111 1111111111 1. Nempten 111111111111111111111 1 1111111111 111101.

Sophias 1113111 111111113111111111311 11111111, 31111 111 1111111111 11111111. - 11111. 1.
’ Oculi, welcher ist die 26. Martii. 011111111111111. (1.81111111.-1ο111.-11111111. 1111111111111, 15151
30. Manu. ·5019. 11. 111. 11. 1111111111111111111111111, sordi 111 111 11111 ham 3000 0111
11 dem, 111 11111111 111 vemet 11111111 11, 111 111 11111 den, 1111 1111 1111111, 111 11111111
11111 pan. — 1111111111, 30. 1111111. 11111. 11111111. 11. 668-69, 11415.
31· marm. ’5020 11. 111. 11. 1111111 11111 111111111111 11 sende Folk og 211111111111111111
81111 1 Trondhjems Len, 11111 8111111111 1111 11 1111 31111 1111111111. - 1111111114»
31. 1111111. 011. 1 1111111 1113. 1. 473. 1111111311 31111131126.Α11111.
31101111· ’5021 2111111111 (1111111111111111 0111131 111 11111111 1 1111111 111 1111111111

1811113 11111111113111 111101111111. - 111111, (111111111111111111. 1111111.) 11111111
nist. 1111111111. 2. 11. 1. ’111-18. ·
11111111 *5022 111111 111 0111111111 1111111 111 111111111611111111, 118 81111 11111111 111

81111 og 81111111 13 1111111111 111811113 111111 1111111111111 1 8111111111 1111111 (111111

1

 

