1603.
4. iunii.

16. 10011.

20. iunii.
21. 10011.

23. 10011.
21. iunii.

29. 10011.

30. 10011.

30. 10011.

2. iulii.

832 Kese 0160666660 6666 1166666.

---—.-———...——

*moos ii. 1666001. 61 11031600 161606166 11. Cirr. 10. 111 60 8606 1100661, 111
0616 0660 060 10. 1611 060611 sende 60 impresseram, enbeieler Sir Wiliiam 810661, 066
16306 1003360066 rejser 111 11600661, 03 06006166, 61 1160001036οε 11660103 6111066366
66011013 060 0606 6366. -06666661016, 4. 1601. (Latin.) 11616. 663. 61166666,66666166

0618. 3.
p *10010. 00660661166060, 0001. 10601. 61 ecclesiaste 060006360616, 1111660 60

1603610001006616160060 scripte, ques 10 islandiam transmittendas se curaturum 660-
misit Dr. 0661001006, 666106066360616, qui 61160 66 6666006616036101 hamburgum 6016-
666660 6666 promisit. - 1100616661, 9. 10011. 66666.166666666116661666616 ssi-100.
*10011. 1116006166 61 flers 0160666666, 1160606130, semi 860066600600066 ii
Norgosz Hermi), 0606660 06 61166 1060661000666636166 0606166 Sagen 061160 0110016666Ι
16610366 03 0666106060 603. 06 166610660166 1161 111 at 1001666 618161161060 par
11016160 111661 111 1136666166 61 060 10036036 8161001066 63 06 100361136 1166066. -
i). 10. lunii. (Pisitydsk.) 6160600, 116660, 0. 0116611. u. Primi-Rechts d. 11666631ου06 86016603

mm 3’010012 1060 Crem 06006166 816 Thomas Parry 016, 61 11. 16100 1. 61 Eng.

1600 066 66001166160 6111611600 1110600661 106 61 66666666 11003606 8606116616, -
(The 10. 01111061. (Engelsk.) 1160061. 1 1116160116, 106 progresses 01 1103160661 1166 11661 1. 1611-61,

’100111 816 11606666 1106666606 06006166106160 61806666ου66 01. 6., at 11, 131066,
6111031600 066 6600110160 6111011600 111 0600661 106 61 06666666 60 ung 1616666
0660, 03 61 1100360 66006 1163 1666 1 81606 61 0006660611. 6111600661 111 1116106661

110660660066606060. - 0666660160, 15. June. (Eugeisk.) 66666616, me progresses 61 ringimus

06 0661 i. 61- 2.
t *10011. 1100661110 11666 111 116. 106360 8100066366 00 61 assistere 66006.

Jonas* (Cimrisius') 106661666006 60101616 001106660061100. - 11011610, 16, iunii, Roriam,

11016666, 11016. 11161, 11161. 03 Breve S. seo-41.
4984. 1666, 86001. summisissent. i. 117-18.

00015. 11. Cres. 10. 0616166 1606060060 660 1110061666 61 10066116 8101661660061

11106 1166 1116166 66616066, 61116616 0311610066 6166 0666 666610 Side 11366066 1 entire
Kjflbsiaeder. - 1). 21. lunii. 001. i 1110616,11106116611161,16611610666. 8, 021.

4985. 001. p. Eng. 1116606866οο1 response.
’100111 Gnoses Μο66600666666 06006166 10160 1110003006 01. 6., ar 166166] af

11611600 3061110600661 600 0666001. -160066, 101624. 011006. 1110361611 666666-

661660 606666 111. 41-49.
’10011. 11. 0660111. 11161616661006016660 1 0166100111, 116. 1116636616 1166060003,

00 61 061636 116. 1166366106 11660103606116611166001 1 10061661. —- 11. 29. iuni, um 6 eru
1166006660, Muses 1166660 S. 201.

’10018. 11066166 Ferordning, 060616066 06661166 6161 001066 med 6166666
0661106666. - 1160661066 siuet, 0. 30. 10011. 666661616666,6666.1603.4 ei.

*10019. 11. (1666610. 0616166 01600666 06660663, 160600. p. iaiborghus‚ ³1 iiimie
Frederik Chrisiensen‚ 1130. 1 1610663,10601066660 611 11661166631106 1116166606 0666166111
1666066006 6100606163. - 30. Juni. secerneremur. om sraegen 66666 s. 22.

*10020. 16606666 1160666606 0600616610001111106631606 00 060110100666611661166
81. Georges 1661, 600 0666600066 61 11. 61 [16006616 1166666601601, 060 unge 116633,-
10011061, 1116 second 01116110. (1111361611.) The 1666616666 666666 111. 00.

 

