’ 11531.

36 1010 (1111151111 011 1110011.

...--- ᾑ---ῄ---η-η-ω--οψ--ῇ--α- —-——-

regis 01 011110 manibus erepta et in 1031111 111110 1111011 esset. ·- Ex reqia nostra

6101110101, 1110 XXX. Decembris. 1111101011111 (1010111101. 11. 132-33. 11110111311110111,
mmsffl
p *409. 11101. 111.“5 11101, 01 Ρ110101 03 111111000 1 S. 110015 111. 1 010010 110110

101 11013015 11115 81111 1110 11015 11115, Β311. 51115111, 1031011110511015101101 101
Jordskyld. [111. 1 1111510 1113. 11. 69.

*410. K. Cun. 11{.'s 11101, at Christiem Ρο101510, Prior 1 8111015 11105ιο11
010150, 511110 1111131110 110 110011011, 5011 1105101 111300 (81101101 0310131011101
111011οι1 om en 11501105101. 1111. 1 1101110 1113. 11. 69-10.

*411 11. 1111. 111.’5 Β101 111Ρ1101011 1 S. Knuds 111. 10101501 1010111103 11 11.
1113015 1811011151 111030 0101, 01 11111010 101 111101110111101011110 51311101110113015
0111111115. 1111111115101113. 11. 70.

*412 1111011115 11101 111 1110111 1 S. 110115 111. 1010050, 11101101 11010105,

11 11111000 011110 1110 10105 11111 1010 03 ikke lade tage 10105 1110110 som 111 1010.
1111. 111015101113. 11, 70.
*413. 1011111 11151 1111150011111 1 110111301 111. 111110111 511 111010101115101111

110501111111 1111310 1011111 Clara Β1110, 10105 51. 3101015 110011111050111011105 1111510110.
1111. 1 1111110 1113. 11. 261.

’414 8110111110 3111011011051111 10111110531111 1 1101110 8031. 1111. 1 nanske
S³m¹·2 Ιέ441130111511111 8110 1 1101111110 1Μο0110111113111511011151111011011100 101155.

zen i Flenshorg 35 111111. 1010110 001 6 81. 1110111151.) 81111111, 0110111111. 11011-
Μ 1ιῖᾒὸ Hert. 1110110115 1111111113, 111011 111 1111111015110110111110113110101 101

1010111131 01 11111110 101 1111111101 111111151111013 511111010 10111111 11011011 Κ. Chr. 111.

03 101 501111110111510 10111101. 111151.) 1111111, og 1111. 1111111,111εε11.111301 1111111011

111. 566-67.
*411 81011111110110101111115 811110150, 11011 101 011111015111 Tjenester i den

1111510 11113, 03 111110 11011111113110101 110 10101 101101110 Ηο11. 1111015101. (111511
1111151. 03 1111. 1 Waltz, 1111001 u. 111311 111110111111111. 111169.

1. 1538.

1418. 1115131103 110 8011011101011111111 111 1100301 011 Sognepraesternes
110011, om 1111101105 1110110101, om Praesteernhedernes 11051110150, 011 1011011113 af
8030010310105 11101, 1011130110110150 011105011115301501 03 1115111 1101 111151110110511101-
30150361111130111. [1131111011.11010111111151101111011118189-91. 111111101151.81101.11. 701-702⁸

*419. 11510 010110 111110, 501101101 01101005 Tm« 1010 11101011 101 110311 af

1101 1110 1111111 111010 1 11111111, 50111 01111111130111011010110150,1113101105 ar salvet·
11011111, 11111111. 1111101 03 1110011110, 1111. S. 209-10.

*420. Ν1015 1111101111, 113. 11111111, 1113011111101301 0101, 11111. 111015 Prae-
111111 (11101511011111011 03 101105 8151111010 111130111051115111 111 011011010 hans
1115 10101 101111111, 11 1103 511110 1110 11010 Μο11 001 10111131, 03 01 11111 1 1003

{fulll 111 131ξ1ς191114 51111101111οῑ 03 1111101 111 10111111 1111011131101 sin 11151111. [1111111113.

 

