620 11111 11111111 1111 111111.

1579.
1111111111· ’7401 11111111 (11111111 epistola ad professores 1111111111 narniensis, 11111-

, statur, Μ.1111111111111 11111111111111111111111111, 111111111111111111111111111111· 3

11111111111111101111 retentum esse. - Sine 111. (11111111111118115-16. 111111111111111,
11111111. 11111. 11111. 15374611 11. 631.

12. Apnnn. ’7411 11. 111. 11. 1111111 1111111 111111 1111 11 1111111 11111 101 1111111 11111-
11111111111111113 11 10311 (1111111, 11111111111131111111111110111. - 1111σί111111, d.
12. Aprilis, 81111. 1. 11111 11111. 13 711131. 1111. 96-117.

13111111· ’7411. 11. 11. 11. 111111111311111111111 0311111110111, 11111 11111111111111
1111 11111111111111111. S. 111111113111111111111, 11111111311111 dem 03 1131111111111
11011111111 1131111111 11 1111111113 13 1111113113 AEgteskabsordning. - 111111111ιὸ13
11011, 13. Aprilis. 11111111, 11111111. 11111. 1111, 111111. 03 11111 S. 298—99.

11111111· 7412. 11111. 11. 1011111111 111 10 1111111 11 Μ1311131 11101111 1111131111 111
11111111 111 1111311 11111 7011311111 1111111 11111111131 03 1001111111 111113 113111. -
14. April. 1111. 1 7111111, 1111111111 01111111311 S. 61. ’

10111111· '‘7413. K. 11111. 111111111111 1111101113 11011110111Μ. 111111 11113 111 11111111
11 111 111111 111131111131113111111111111111111, 11111111111111, 1111111111 8111111111,
som 1111311 111 11111 1111111111, 1111111111 11 111 11131011 111 111 11111111111711.

—- Frederichsborq 11111, 1111111111 20. dag Aprilis. 11111111, 1111111. 11111. 11111, 11111. 1311111
S. 299-300. Udt. 1 11111111, 1111111111111111111111. 10.

21. 1111111· ’7414. 11. Fu. 11. paalaegger 11131 Β111 11 1111131 11 1111111, asom 1111513111
1111111111311111 01011113 10111111, men 1113111110 i 1111111111111 at have 11111111,
111111111111 i detes 50311 13 1111 11111. - ffldmchsbory, 1111. 1111111. 1111111111

1111111111. ⁸³¹¹st Ιν032Ξὲ916181111111111 1138131111111,1.11111111. 111 1111111. 1117.

111111· ’7411 11. 111. 11. 11111311, 1111111311131111111331111 1 (11111111111111, 11

111111111111111111111111111103111111.-1111111111, 5. Μ111. 111. 11111111, 1131111111
11111. 13 1111311 111111. 11. 111.

111111 ’7411 11311111 1111 1111013 Slots Ejendomshreve, som Α11111111111111.111111011

111 11110111 111 113 111 1111111 1101111111 1. 1111311113. -— Nybor9‚ 111111 51111.
. 1111011113, 111111111111111111111111111111111871. S. 111-25.

1111111· ’7417Ι 11. 11. 11. 1111111 111311 11111111111, 11111111. p. 11111, 11 11111331 ’

111. 1111 11111111, 1ο11111111111 1 111 111, 11111111111111111, som 111 11111 1111113
11111111131111, 0311 11111 (111111 som 11111113 1111111111111 11111111 (οε 11011111
111111311111311 (111111 11011113111111111 11111 11111111111111111. - 1111111113,
d. 6. 1113 11111. 11111111. 11111111. 101-101.

⁶· ΜΨ· ’7411 Hert. 11011 1111011111 111111111 Hert. Magnus, 11 111 111111111111
11111111101111111111111 1111111111 101 1111111311 111111 1111111311 1111111 111111111311

11 [1111111111. ·- 6. Μ11. 11111111 11110311111118111111111,111111111111111. 8111111111111.1Ι
11111. 611111 111. 1111111. S. 101.

1111111· ’7419. 111110111111 11131111, 111111 8111111111 1 13111111 13 mus 1111111111
1111111013 11111111, 1111. Fr. 11. 111111111111111 1111111 (111111, som (11 1111111 1111
11111 til Leje 111111111111111111 1111111013, 111 mod 11111113 af 1111111 111111 11111111·
111111011110111111111 dem som 1111113111111111111111111; 1111310 1111 1111 11111- 11
1111111111 0111 dem som 0111 11111111111111111113111 111111. -— 11.8.11131.11011111
Maji. (Plattydsk.) 81111111, (111111. 1. 1111111. u. 111111-1111111 1. amomum 811111113111.181-811

 

