30. iulii.

30. 111111,

6. Augusti.

6. Augusti.

7. angusti.

8. Augusti.

10. 11666611.

10. uagum.

Kone 1111166611 unu 11661.

...--—..-..—- .-..- ——- ——-— ——- ---.-————-— -—-.

11661666 116116 6111161616 6616 66 61116 Ρ16616166111, 16 1166 116111 11111611666616 1166 1661

666 616 1116161, Η1. Eski} 1161116666 116666. - 1116116, Sand. 1. 181611. 1166161116.
1. ii. 11. 199.

’8161 11. Fa. 1136 11161 111 1161611116161 6111 166 61 11616 1616661611616 0161-
66116166 61 66 66661611 1161616166 661 61161161611 6161 1116116166 1111661161, 11111161 1166
sum iajiiuid 6161 16116; 1166 6161 sende 116616 66 166611 66 66 161611 0161661616, 61
11111116 166 1616116 skal 6166166. - 6161166661, 1. 18. 1611. 1161. massar. 1. 168.

8165. 111611. 11616161 111.Ν1616166661666, 86661161. 1 Fyn, 61 1116166 11616
166666 1111166611616161161166666 61116161 Η1. Simen i 1116616116, 161 1111611611611616
hans 111. - 1616611166, 1. 30. 16111. 11111166661616611111199.

'alea 11. 161111616161661111661161, Embedsmd. p. iirunborg, 61 61111116 1166-

66616166161661116 iii 1166666. - Ν616611166 11616161, 1. 30. 1611, 1116161. 1 1111661611
116611 11166166611161. S. 331.

*alam 11. 111. lisa 11616166, 61 Η1. 66116166 11661666 1166161 86666166616666

1116161661 6161 1616116661166 1166 Prusian 1111611116. - Ν6116111116, 6. Augusti. 666111
1166. 4. 11. vi. 200.

’8168 11. Fa. 11116161611161 1111616111 1. 6161611616 61 16111616 66 1616166 sammaa
med superintendentem i Fyn, Lensmanden 666 11616666 66 116116611161161616166168161-
6661666111611116116 16611616 161616 1116116 1. 1161116616 66 111. 11116161611611666, 11661
1 S. Kirkebye. - 6. Aug. 1111. 1 11111161, 11611 16161. 661611, 161666616161. l. 224, 11661.

ulau. 11616, 616661 aiNmns 11116, Pnnnn 61666161166116, liin 1111611116, 11111116
61616 66 1116166 Ν1116 1661611661 1 66116116 16611616 indens 1116116 11111666 66 1166166
111.11116161161 1 6111161116, 11161161 6116166166 11116166 161 11161166 ’1111616 66 16666

16166166 111 61 give ham Ensiaining. - 8161666166611, 11116. [16111161166666161666611.
Perennnihist. Ι. aaa-⁴25.

8110. 111. Panna 11111661, 8666661661 1 6111616616 66 Oria, mii. 6161616661
616 161 61 (1116 8666616661 6116616 6116611661111666116111 161 111. 66116166 11661666. ν
orte, Santi. 1. 8. 16611611. unt. 1 6166161661. 6. 11. 166,

’8111 1111611. 6111661161 Η1. 16161161666666, 6666661661 1 1611161166, 66

ude 10111 sinsids. tii huns Praestegaard. - 10. 1116. 1161161,116616161.661611166.161166611161
1161-62.

8112. 11611616 61111661 66161616 61 1161661661116166661661, 16 qua 1166 161116
611111; 111111611166616 16 aulam Danieam 166611, 61 1116661666 6 1166616111 secretario 16616,
qui reginam 61 66166166, 16 666116 611116 66116111 6661116616, proximis 1161166 comitatus
661, 1616116116 - Die Laurentii. (1661161161616168.326-16,

*aua 666616116611111161166, 66611666116 616661161666616, 6 1661616 61616166-
nuribus universitatis 66111, 111 61116 amanuensi 666 6116116111 antiqua documenta 1116161161

communicent. — 1166166 6161161616, 15. 11166611. uernam, 1611166666,1116.,1161.11
1116166331.

’8111 11. 161136 Siriveise 111166 16661616 6161 16661611166611116611, i 11111166
1166 1616111161 16666 om 611 1166611611 66 6661161 61 11116666 6116 Γ1116116116161 66 61 6166661616

16 1666161161166 116616161611116161661 1661 11661661. - 2316611611. 1161611.) 1111611611
1161616616, 666611. 1. 1666166666 1111161166 ix. 130, suilgn. S. 36111161. 191.

 

