1548.
27. 11111.

13. iunii.

15. 11111.

18. 111111.

3. 11111.

118 Koria 1111111111 1111 Tum.

*1811 11111118111111111 811111111 1111111111, 11011 1110111111, 11111-
1111111 og 111111 1 11111111 1111111111 med 11. 11 1111111111 om at 1111 hans Broder 111
(1111111111 11 811111111 1 8111111, 11111111 11111 1111 1111111111 111 111111111; 1111111111
1111111111 1111 11111 1111111111 11111 1111111111111111111Μ1111111. - merstem
le 27. jour do May. 1111111111 1111111111, (11111. 1 1111111111 111111111. 1. 111111, 1111 11.
8. 443-48.

’1818 Limus Seminis 111111111 (tii 1111111111 111 111 1111111111 d. 26. 11111
1111111111111111111111 111111111; 8111111111 1111111111 1111 11111111111111111 111 iiie
11 mode, at 11 vare ior 11111 1111 1 11111 1111 111 111 11111111. - 1111111 Datum.
(Fransk.) 1111111111, 111111. 1. 1111111111 1111111111 1. 111111, 1111. 111. S. 448—50.

*1818 1111111111 1111111111 1111111 11111. Chr. 111. 111111111111111111 1111,
11111111111 111 11111 111111 111 1111111111 ham om, 1111111111111111111111111
111111, 1111111111 111, 1111 1111111111 111 111111111111111111111, men 11 Dr. (1111-

gius Maior 11111 ikke er 11111. - 1111111111, 13 Jun. 111111.) 1111111111111111111

Vi. m 2*31811 111.81111111111111111111.1111111.11111111111111111111 1111 1111-

1111 1111111 11111111 1111111111111111111 11111111111111111111111., 11 1111111111· 1 111

8111111.1111111111111111111111111. - 1111111111,13.111111. (1111111 8111111111,
611. 111111111111111. 111-13.
*1878 11. Cim. 111. 1111111111 11111111111111111111011111111 t. 111111111111

1111111 111 1111111111 111 hans 8011111111111111111111111 1111111111 (1111. - 11111111-
11171111 111111, 1111101. Viti 11 Modesti dagh. 81111. 1. 1111111111. 11111111. 111-11,

*1818 11111111111111111111111 11111 1111 111, at 11 81111111811111 1111
Heinrich 1111111 1111111111 1111111, 11 11 11111 11011111 1 1111111 1111 1111111111 Joens
Splyths Bryllup med 111. Vincentius 1111111 1111. - 01111 111111111111 dach sumi,
(1101111111.) 1111111111. 1111111. 11801.

*1888 11111. 11111 1118111111 111 11111111) 1111111111 111 1111111 (Hert. 111111 111
11. ai 1111111111 11 11111 1111 8111 111 11111. 1111111 1181111111111111 11 111 1111111111
1111111111111 Lazarus Schwendis 8111111111 111. 0111111111 1111111 sparget han ham om
1111 11111111 med Hensyn til Μ1111 1 1111111111 11111111 11 1111111111 1111111111 11 11.
(111111. - mmmmm, den 19. Junii. (Tydsk.) 81111111011111111.1111111111.11411-11.

*1881 1111 1111111 1. 8111111111, 1111111111 Rigas 1111111111, 1111111111 sin
11111111181111111111118111111111 111 1111111 1111111111, 1111, 111111, 8111111111 11111.
-8111111111111, 11111. 1. 1. s. 11111 111. 0111111111. 1111111. 1. 814.

*1882 1111111 11111111 1111111111 ,111111 8111111111, 11 111 111 11111 ham
111111111 med 1111 81111 1111111, og 1011111111111 111 »Pensm« iil 8111111111111111,

11111111 1111111111 1111111, 1 8111. - 1111111111, 111 1111111111. ,ioannis bapt. 011111 1111.

5. 11. 1211518181ἑῖ 10. Vfflfflffls’ mh¹ Ripensis, 111111 111111 (1111111111111 18111111

lybsk og 20 Gylden 111111, 11111111, 1111111111 1111111111 111111 111 ny er 1111111111,
111111 1111, 1111111111 11 11 1111111111111, 11111 ikke 111 11111111 111 111 1111,11
11111111 11 111111111111111111111111111 111811111111111111111. —- 11111ρὲ1, 11111111,
1111111111. ioannis bapt. 0111111111. 5. 1111111.

*1881 1111111111111111, 1111111111. p. 1111111111, 111111111111111, 1111111
111111 11111111, 1111111111111111111 t. 11111111, 111111 1111111111 1. 111111 og Gnmswmn

 

