388 Κ6116 11116666 6161 166116.

’3533611 ’38511 Κ. 1111111 11. 6186661116 616161 Bispen 6111166, 61 han 1611136 161161

61616661 61 6666166116 1666316666 6116111163666116661 mod Danmark 63 siden ingen
011616116361161616616361. --161666 61. 66 marzo. 1866661.) 116161666616611,
6616. 66 6661611611 13—14.

81111111. 3860. Κ. 111. 11. 1116666161 Κ611. August 618661666 66 1161616163, 1166 har 1166-
16361 116 111. 61 11631666 661, 61 11611. 6166166 63 ,Κ616. 611611116366 have 16661 1
Kejseren og Κ. 61 8666166 66161616 111 6166116 116116316666 611611116366 3166 1166616116
11666, 63 61 66 661616 1116161 616 366666 166 6611166, 1666 166 11616 66661 661661
61666 61 666 116661-6161616 8113. - 8. 1111111. 111661.) 1666611163116111166111111,
616116. 666611, 11. 361, 364-66.

81111111- ·3861. Κ. 16. 11. 11616161 1166616 1166166166, 1666616. p. Nyborg 63 Τ6661636,

61 66666, 6116661616666 63 66616 ikke 366 66111163 66616661636636611133661166611331
63 61116 1166661 111 81666 161 81666613 86136166 1611163161.- -111611113 61611,1166 ¹
8. Martii. 11161. 616 663 6111666111 86161. 1. 96- 96. “

8- Manu 3868. Κ.11ι.11.1ι66161161366 1166 61 6616336 16661 0166 86616666 66361 ,
11163666.- -,Ν36619 d. 8. 1116116. 11611 16661 8161611666, 1166616611. 46

61111111. ’3863 Κ. Fa. 11. 661616116666166 1 Salling 1161166 at 66166661611 8161113111
1111611 1111166 1. 11661661, 6616161 66116616 63 61616336 666 161161666 111166116611116. -
Nyborq, 8. MartS. 1166666666 8611166 63 S. 1613611666, 1111616161 63 861616661636 8, s¹ μζ,

61111111. 3864. 1116166661161616161 1116111161 Κ. 11. 11. 661 116611116163611 1 Ν6136 111
Orlogsskibene m. m. — D. 9. 11111118. 1161. 1 116166811611616. 6616. 11116616 86616311, 76,

1811111Ιὶ- ’38611 1066161611. 1 1111166) 1116111161 0116 166116 63 1166166 1116611, 83661666

1 116161, athan 661636111316166 om FJenduigheder fra Danmarks Side 161 6316666611. -
1166666161, 6161161111. 111661.) 6661661,11661166. 111. 11661-66,

1111111111. , *3866 16166111 11616616 6116661 666 1661613161 Κ6636 111111 61 8161131, 66116166
161816113,11116[1666161161111611611111666.-1611611111. 1816661.) 6661116111116111611.

13. 1111111. Ν· Β. Ν· ἓ358615.7 11661166 1111161166 11666, 6116161 11663, 11316. 1166666, 1661166666 161366

11663 61 Ηιι6 63 66 1616 1611 1161 1166 11116 1166666, 6616 have 11111611 vor frua Tidef,

- Onsd. 6. 6616. 8666616666. 1161. 11161611. udg. 1111616111. 66111. 1. 139.

’1311111111 ’3868 861611 1161666611 166666161 Κ. (166161 1. 1113161661, 6111331, Magnus ,1
1166111611 6166 161616 661166 vande vil 1661636 8111161 11661 63 Karima, 53„st om, ,1
1666616166 631166166136166 61113 11616 1611166661 613 1666 Κ. 61 1166111611 1666816113,

· 63 611613661. 116116 skal bruges 6166161 1111666 1 661 11166166. - 116-16611, 13. Martii.
· (81611611 86611166, Archiv 616. N. 11111873 -19, ,
1111111111. ' 6869. 8166666666 16666166, 161 16166116, 6 Fr. 11, 1636116616, petit, 311311-

361166616 6111161661 116666611661616 16 1166666166 116666161μ-111166,613 xv1 Marcii

86161166, Archiv 616. N. F. 11 831- 68.
1111111111 3810. 1611616666 61111161116116 heder sin 1116661116 1666, Hr 1110ῃὲ333113]

61161666, 0111 1166 1666 1616166 bort 116 616 Μ66161, 66 66 ikke 16666 komme ud af 661
6166 111616666, 63 1166 16161161616111661. — 1111661666, 61666311616361, 13661-

16. Martii. mstsam123137196 ξ6461611116 11616111 1. 816116161 1116116661 616 866161 116 6161116 11131133.

661161, 16661 11666 11616, 66 11611 66616 1 8113161636 1161166. - 1606, Lflvefd, n, 3,
1166116166616. 11111. 1 vodel 8116616611, 1116611611. 134.

 

