646 116116 8116666111 6611111666.
1581.

18. 66661. 7730. 1111611.661611116161636161611111661Μ. Η666Μ1611616611111611163116 ⁴
61311111111116. 631616 613161617166 1111116 116116 1616163 63 11161361 ham 611 8111611116, 1
hvis han 1666116 111166 1161161111 8636661661 der. — 1116661613, 18. Decembris. 111 11111161

31. nocht. ml· Ἡ, ,177931ῗο. 11. 86. 11.’6 86161163 111 111161 81611116, 116161163611111. p. 1111316666111111-

11611 63 1111661163 61 11166166 111 1133616366 666 1611616161. - 131. 3666611611 11111

111116, 111111. 1. 1611616161611161. S. 27. 8166116. 66116166 61161111 6116161116 11161 111 1161116166 161 16161163.
1161161611 6181611666.

31. ⁰0ch 7732. 11. Fn. 11. 111161111Ιί361 66 76116131 61 1161111161 1 Lund 61 1161616 16161
36616316 100 116161 111 86116161161616171161161666 Ν6611666661, 11161161 166168611616116111
63 71161161666 111163611616616 1111611, 63 11616161 161 61 1161616 16636116 61116611161616116

116616 63 1611611161. - 316116116111613, 111661 31. Decembris 1582. 11111161,11111111.1116.
11161.. 111161. 63 111616 S. 314-15. “

7733. 11. Fn. 11.’6 81611811161166116166 1163161161, 61 ingen 1166611611616116161

11616 3113113 61 31616 66361 Μ661616131116 61161 give 111616 end 1 Gylden i Lauget. 111611.
111616616166 86611116166 8. 75.

7734. 111666 116666661611166 71166, 61 8611611 161166361161161166, da sal. Lange
Brock annammede 16666 116611. 61111111. 1 611611111111611161161 11111 1. 73.
7735. 161116Ρ6116 1161611181. 11. om 7111616166 111 61 66116336 66 ny 11116-

burget 1111116 16166 11116161. 1111161.) 611. 16116161. 1, 6161111.-111111.-111111. 61116, 111161-
partor. S. 79,

7736. 11111661 117166166 116161 11. Fr. ΙΙ. 616 61 1116361636 166 161166 Ρ61111611
16616616611661611 311116 7111616166 111 61 66116336 66 ny 116161161361 1311116 16166 816166.
(Tydsk.) 11111761166111. 1. 86111666.-116161.-1.666611. 861611. vm. 1161161161. S. 79.

0'. 1581.

7737. 1161616163 61 11666 Ρ111166611, 1611616 8111161 1 1161111616, om 816116-
611611616366 1 1631661166 63 71166116. - 111166 Datum. 111611. 161. 61166. 11111. xxxix, 166-161

1581-82. 1581-82.

7738. 8666366166 6161 1166111116 1161111616 16116166161. 1161111111,11111.111111611.1.6.
ΙΙ. 60-70.

1561-63. · 1581 vel potius 1583.

7739. Μ. 11161166 166611, episcopi 861366616, 611Μ.1)661116116611·“66616611161166111

epistola de Saxone Grammatico. Ilerdam, 11111. 1111166111. ΙΙ. 568-79; 1111. S. 511, 1116111 1111113111,

61 1116161 61 116 1583. 11161161. 1 8161116611 1116163. 11 Saxonum S. 66-67, 1 11161611. 11161-6161 811111. 11
7116166166 l 1166111611 63 11613611. 277-78631 1111111616, 11111611611111616366 1 116616. 63116136195-9113

1582. 1582.

3. sanun. 7741). 11176. ΙΙ. 661616181161111611116, 61 1166 1 1616161613 61 Ρ11661636136166
[16613116163 6161 116166 8636661661 161 61631131 161661, skal torhere 61 1661 1111611611,

66616110161 61166 6116111616 1116166 16113361 1 Ρ11661666 11161, om hun 11116 61116161 ³

161161 61161 111611 111 61 1166161666 med 1163116166 6161 1166166. - maeriksborq, 3.16666111. ³
111111161161. 86161. 111. 619.

 

