600 110110 10100001 000 100011.

1187717111· *ms 110 100 110011 1110301111 101101 1111110 over, 01133011 11110111, 10000111. 0.

110011110300111, 11101101 110030010101 00 11οο1030011 1 1103011110, 000 11111100 11011 101 0300
11030103 har 00101101 111. - 10110100, 38. Febr. 111000011111011100110110119-30.

Ῑ’ Μ’· ἁ7174. K. 111110 8101 111 Dr. Elisahet 01 80310011, 111011 1100 3001101011
1010103 0011011001111030111101111100 003. 80010110 0311001101 000110010011. - 1. March.
(1111110.) 11111. 0. 1103. 1 1100101, Second 100011 S. 25.

1111111· ’7175. K. 10. ll. 0001013301, 011011010010110103 01110 801013 1101001013,1101
11111011 03110100111010100001000 01 0011010030, 0108103010301101010300111 01 0111100111 03

010 11001000 1101101110111 010111011011110113, 03 1 000 ’1111101110 110330 803001111 100110 8030.
- 1110000110νί0 01011, 1110011 7. dag Martii. 11111011010101101111143.

13111111- “7176. 11. 10. ΙΙ. 0101110101 0110, 0001 11010010 111 11010110101Μο0111013, 0111001101
. 101010111111111111 000 1011013100 03 80110100 1100110 1101100000 01 00110 60 1001018111
111 011001113 11103, 11101111 de 010110 11010 3 1110 11030 010 11300. - (13. 1110110.) 11111

11110011. 1. 1101011 111198. - 811130001011101 0110101100 001 8011011 red 111110. 80101110.

19111111· *7177 1110010 1110110011 1110001101 Μ. Ν1010 1000010110, 8110011οῑ. 1 1100 81111,
11003000 ved 110 Ηο1013 Ηο1110011013 0101110300 811110100 00181030103 8030 03 1010010111,
01 0100 1011111 ridere skal lade 8030011010 000011010111110010118030.- Νο110110, 1110011
19. dag Martii. 1111110111οῐ. 80101. 3. R. 11441

10. 1111111. ’7178 1001000010001011, 110101 1800110 Ηο11011, 1110111101 110100 111010101-
001000 1100, 01 han har 10131 111. Ν1010 111 1110301030 03 11111 0101101101 1000110110110101
110 803001, 0100 0111080110013, 0110101 101010011030111003000 11101, 1110 111 11110110, 01
110 10 80300 (Laude 03 Β10301030) 111110 01011110. —- 8000101010, feria 4. 0. 101010.
1111011101. 80011. 3. 11. 11. 445-47.

21. 1111111. ’7178 111011. 1110111101 1110100 1 1011010101 003. 00 ’810111 03 0011010111

11003000 81011, der skal 1011101100 1011 11001101. - (21. Μο1101 1110001.10010,0111.1.11110·
21. 1111111. mm Ηὶῧια’71181212 11101100 111010 1000110001 1100 1110111101 11111 11111011, 10000111. p. 11011013

8101, 011100 0001100000 1110130100 111 0011010030 1011011000 1 81001030 8030, 03 1111011101
10001010103 001, 01 Η1. Ν1010 1 100111111011111 videre 101101101110000100 1 11100103011111.
- 01101110, then 21. Martii. 1111101101. 80011. 3. 11. IV. 447-48.

22. 1111111. *7181 1110100 810001001011001 1 110 0001103301 Η1. 11000 1011111000, 110111
800110 11011011, 01 lade 8081010 i 100110 000 ny 10110110110000100 1018100001.-
01101100, 22. Μο1111. 1111101101. 80101. 3. 11. 11.448-49.

10111101. *7183 Ηο11. 10011 01 (10110100 811110100 111010 1101010011 110100, 1111100111 1.
d. Hoya, 003. 11111001011001000 111111031010 000 01 00130 111 1 101101 10100. -— 1101101131.
22. Μ111111. (Tydsk.) 1000001010,1110101001.11101. d. ΒΙε1110010111111001101011.81-82.

23111011. *7183 10010000 1100100100, 111. 01011, ad rectorem 01 professores universitatis
110 0010101000 000110 0110010 scribit, librum 1100 110 10 0 00 001000011οι0 01111000. - 11010101
X. kalend. April. 11011001, 1111111110 11011. 11101.,111101. 03 Breve S. 278-80.

26. Martii. ’7181 1101001 1100011 0101100101 000 1010010110103 01 10111101 101100 (1001311
Β100110011013 110100111011110111000 11101 0110. Maj 1517 11. *10,213). —- Praq, 11. 211. 111
d. 1110111118 Martii. §Tydskj 11110111000111011. d. 010001. 1111100001.001801110011.-110111.818-29Ι

27111011· ’71811 11011. 100001 01 8001100008111110100 111 11011. 1111100111 011101010111011
1100 00110101, 01 der 101101010101110011010001111001111800100110031001110008111-

 

