378 116116 1666611111 6611 1661611.

3.
82561111 ’4489 1611111166 81111111 1116111161066 0116616 11666161, 6111.611166616111 1161306

066 1166616116636 616116 11161660 66011. 61816113 3161, 1611110611 siges at ville stille

med 2000 11311616 63 20 16661 11616316. - 8116111113, 2216111. 116116.) 11111. 611631
3616166616. 161. Ser. 1563 S. 152.

Febr. ’4490 166116 11616116 1106636 616, 11160 1166 366 06 1 11111116. 661161οῑ6 6166616

11611616 76366 616106 1616161636 11. 11111 xlv. — Uden 1111661. 1130611.) 11616661, 11111.
111106611. 2. 11. 1. 705-701.

1. Martii. ’4491 11611166 63 16616666666 16011611. 111111116. 6161361 1111166616116116611116
63 hans 1111636166361 Gods i 81636166 1161160 1 1166111606 8636 63 1 1166116161361161160
1 83661611 8636 1618001611611161606161, 11166660 1166 116106 161611611 11611616116161 111 03-

1616166 6166 116113 161 8160661616661166 1161113 1113111 6130116161. - 1116116611αῇ66, then
sserde dag Martii. 11610616, 11111166. 111111. 11161, 111161. 63 111616 S. 191-93.

6116161. ’4492 11. 16. ΙΙ. 66006161 1161131161 August 61 86611666, 6111. 8131616660 August
6116166 66166061 11661 616161116601660 816113, 6661666136111661 66111666 16111610 111
061666011616161111111161113.- 1116066161613, 0. Μ1111. (130611.) 11161161. og 1161. 1116111
1. 0. 6116116, 066611. 11. 388.

81161111. *4498 116161166666 1111111166 1111166, 61 12 1 1161611500 61 1166061 606161016
116601111061606 [1616163616 1161113366111116’ 11336163 11161616311613111 700 Μ6111 06661. -
8. 11111118. 001. 11616161616.11106116116661611. 111, 7111. S. 211.

11. 1161111. ’4494 16611611 Μ616116 63 7 66016 11166161 63 11116161 1 1166111106 6016161111
111. 86116166 01666, 11161116611616616166106., 66 06111 11111616606 1161110 1 1166111106. -
1166111116, 0. 9. 1116116. 611. 1 11116116. 6661. 6. 6. 11. 666.

10. 1161111. ’44911 86666 116666661111116611661, 1116116011611131160666166061110 1 8161160166,

111613661166616660611 1 Ν311613, 11661111 (161, 316106 16101163, 1111166066 Colloquii 011061
81661613. -866116116111161163, 6660. 6. 6. 0661. 1161616166616. 611161. 616. 663. 6113666111
861611. 1. 122-23,

14116161. ’4490 11111. 11. heder 11611061 631161610111661 11111661 1111606 11666 111136- 63
1161166011 11613611166661116611 1. 116161 61 1616113666 61 066666 1611161016 0116 Η61361666 63
11613111611161601 66 1611116 116 11111661 111 0611631616166616661, 1166 1161 160161161361616
1116611616. -· 114. Marta.) 11311611.) 1161661661.16666116611111161. 11,1. [11316111. 8. 277.

141111111- *4497 861611 1166611 116061 116 8616616116 0161611011 1. 116661111 6606113106, 61 hans

16360 1116116 111661 116106 161611660161 66 6111660661166061. - 116361666631, Oculi 1661163,
⁴ 116061 8161611666, 1160616611. 07-09.

11. 1161111. 2088 66 *4498

1333333333, ’4498 (z 2088). 0113166166, 66111 61 3611 1111661, 1816311666611 63 8136613303 [omna. 161
161, 1. 80 -81,61011161611 066 11111111. 11113 1161111.

1111161111. ’4499 111. 111. 11. 11161661 616 8663666161116661661161116616111116 061 611611161-
111116 1111161011 160136116661160616166 1 1166111106 1161611116. - 116161111161613, 1116660 1111063
Martii. 11610661, 11161. 111106611. 1. 728.

20, nanu, 2091. 8166166666 63 813610666616166161. 1611611160 1. 79-80.
20. 1111111. 2092. 0113166166, 6661 61616 1111661, 18166166666 63 8136106666, 1616111111161161611111. 78-79.
27. 1161111. 2095. 8166166166 63 8136106666, 16166611. 1611616611 181-81,

111, 1161111. *4500 66 ’4498

 

