1543,
9, octobr.

12. 0010111.
13. Octobr.

14. 0110111,

15. 011001.

16, Octobr.

22 Octobr.
23. Octobr.

⁶23. Octobr.

28. Octobr.

018. Octobr.

90 11010 (1001011111 011 1111011.

-a—- --——-- ---.--------- -.. ———— ——-—.

’1141 1111111111011. 810000110, 1111101, 11111010110010010011000, hans Foged

11100001 Len, 1010111111 1101011100 0100001. - mmm, 0010011111 101. ulpianum.
1101101. K. 718-711.

497. 111000, 111110 By· 11111 111 11010101. S. 36-38.

‘1142 000 1100 010110101 111, 1101101111Ιο 1. 1101100, 11001001 8101001101, 01 000
1101 1111110101 Per 001110 010 00101 80101110. - 1101110111, 10110011. n. 0. s. 1)γο11101.
1101οΙ 8101001001101010011. 191.

’1140Ι 11. 801111 110101 111 K. 1101. 111.. 111011 000110101010111011. 01 (110101
1101011 01 10 111110 11111011 000100001, 100111110110101001 1100 0100 80110 0101 110110-
1001 1101. - Famam, 010 100110101οη 1010 00100111. 11101 01011011. 1 Aur-berem. 10
1100000001οο 11. 240-42.

’1141 1101101111011. 00101101101110 0010011 1 000100. 11001011, 010 10 1001
Ηο11. 0111011100 (Chr. 1111 00110110 001010001110101, - 101101. 19100111 1110111. 1111-
010101, 11111, 101 1111011001 8. 4119-10.

’1145 10000 8110111, 1111101, 100110101 111. 1110 111110 1. 10110011. 11001001
8101001101, 01000 0011001111111101 Ρο11100110 med hans 11001110 111 1101101010 1 0101010.
01 11101101, 010 1100110011 1. 11011101 11000110 110110 100101 111 1101110. 01101 1101101 1
1101101010 1001 1 11001010. -- 0101010011, 11101. n. 1. 111100100001. 101. numam, 11111.
1111110111. 11. 13-44.

’11411 11. 11110111. 1111111101 K. 1101. 111, 01000111 00110 1011101 0010001οί
0101 1100100 01 1110 11011011010101 00110100, 0100 01000 011101100101110101 1 810100.
10101 010110101, 0110 1010110 00010 001 111101 110101 1 8110110011. 1000 01 11011. 01 (11010

1101 1011 1100101 1100 50000 1110001, 101 1010 01100110 111 11001011. - Fere „p (1110111,
11111 XXI. 1111111 Octobris. 91111010111011. 1 1011001010. 110 0000101001111. 11. 242-41,

499. 1100110 1101. 0. 11, 1. 219. 011. 1 8001, 111011001001 1101001 S. mil—xm,

’1141 8001101001111110011110 1011 11. 1011000 11111001110111 01 01110110 11010-
1100100 1110001 010010 11010 1110 01 1111111111 11010 1110011001 qa: l'rzvsn. 01 111111 1010111
011. - 1110111110, 1100 s. 801101101 101. 0001101101.ῑι.11.1,111-10.

’11411 1100101010. K. 01 0100111111 80110101, [00110101101101. 111., 011101ῃο1
801110001 1011 11110110 001 10001 0101 01Ι 101 001011101110 11001 1100 110 01 0001 0101010111
111011, 01 01 K. Krants 111 001011101ῑο 1100100 10011 1000001110001. 0111 1101001011 00-
1110011100110010.- 1011110, 11011 23. 00100111. 1111111 0010101010, 110 00110110001011.11’.111.

’1140 1111111100 10110111, ,1110 10111110 01 ’1110000010 ,10111110 ’110010010111 11
K. 1101131 1101101001 01· 2911111 01 211. 110101. 1450. - 1101001 i 1110110101, torsa, 1,
110010 1110111011 110110 Simonis 011010.. 11111000, 1010010101010110101011. 010-31,

Ἧῦυ. 10001 110111 10011010111. 1101. 111, 0111. Frants 1101 11101101 01 01001011

1100100 110 101010 1000001110001, 01 01 00011111011011100101110 111 0110110011. 11101
000 1101· 1111011111, med 111110 000 01101111 100101110010111 11001111 101 01 1011010 1100
. 01 01011010010 1100100. — Ex 8110100101, 1000 11111111. 1010 11010001. 1011101010. 110110·
11011000100. 111. 944-00.

’1151 10111111 8111111001 1111111101 K. Chr. 111. 010100 1100110 0010011 111000-
1101* 01 (10011000101 80100100101011 1 8110110011 ’01 10101 110110 111 K. Frnnts. --
8110000111, 0100 1101. 11111101 1011111010.100011100000.11.010-11,

 

