850 116110 0116161110 0111 1111100.

16611606. Post 1605.

5075. w0m, 1611111 161600116061. 111.

1606-1606. y 1605-1606.

’10130 1161061611 016111. 101611 136 1101111611 101606 1604-1606; 0611111.; 111

Hert. 1110016160 (11111111, 1000 Ρ111111. 1011361611.) 1116116116111611161166666 611110111010661111116
11. 43-44.

1606. 1606.

9. 110061- ’10230 K. 1111601. 1116111161 11. 011010, 01 1100 1100 0116101101 6106011 06061
1101 16111600161 1060 11. 0181100160 601 0100161660 01060 1001611110, som 6111001611

000616 1116111060οε 000061 1 81100160, og 6111010161 11010 111 01 sende en 0660001 1110611160

’ 1610101610116110110160. - 1166116, 9. Jan. 110110.) 111161. 1111. 1 1116111, second 1161161166
0160111- *10237. 0611 P. 00 0611166, 6110061 86006000 11011000, 1116111161 K. 0110111,
01 hans 06116 001061016111001 01 611110 111 1011611611. 1111611, 01 1100 606161, 61 116006 01-

6111116160 000061611011010160 11. 0100010611. -16111, 19. 100. 18100611 11111 111611
1106101, 866600 11611011 S. 6. ·

11160111· *10238. K. 111100 1. 0110111000 111660061 11. Chr. 111. 06 60361616 0160100006
1111166110161001. Sundtolden, 116161161111001610001 og 06006160 1000061000. — 11611111,
22. 11111. (Latin.) 001. p. Eng. 1 110616186660011610118. 6.

29110111- ·10239. 11161 0116161111 0110110116 811116166 1110011. 0111011, 111011 000 00-
10161, 01 061 61 ham 01600611, at 0, 0100001011 har 001011 006116 601 60 16061011601161-

1000001 0160 0011116160. - 1100600611, 0. 2010000111. 1110611 11111. 1 1111161, 11116166. ¹
16160 1. 1166611. 0. 30111111. 11116166 1. 469-70.

411111- *10240. 1661111116 8161011106 Μ. Magno Matthiae, 6116601010006061, 06 61011606
ejus nondum 1010 616060 scribit 61 61 10016610 0160101 0066010616001 66010160061. -
1111101111, die 4. Feb. 0111111611111. 80011. V. 217-18.

1011111- , *12241 11116106016111110110001161106101010101, 1116111100 111100061, 0111011.
0111016 1010600161106011. 0100010011 601 060 001016161166001016 1616101. - 1016-
11100111. 11106111 1110061111. 011101. 1 011161, 1111616 0. 16160 z. 066611. 0. 30101100116166 1. 4711

18· Febr· '10242 11111160 1. 010011000610116101101611161 161 16110 0601010001 11111. 1311611.
- Weslm„ 18. Febr. (Latin.) 00111101.11061118666001161101186.

18- Febr. *10243. Landgrev 11611116 01066660 1116111161 11. 060111 111. 6010061106 0616100160
610106066111611; 11. 0100010611 611600111111016 og 1101 10010161 sig Maeglingen 0161160

06110160 og 810060. - De 016661, 66 1111111. 0610111111. 11100611 1161110161, 0611611116
06011 111. 6166 11001166 16 861601 S. 187-89.

211111 *10241 1011. 8161011106 660061 11161611 1161606 000660 80 01610110161 0111006 1
’1“016; 061116 11011100 000611, 1166160 6161 1001106. — 21. Febr. Udt. 1 111 1111611161, Saml. 10111
211111- *10245. 11. 111166 1. 0111011000 116061 11.0111.111. 010 1111606166 161 01611010 “

10660161 1101166160 111 01 1116011616 6181111, 1100 1101011161106116. - wem, warch,
’ 1161. (Latin.) 001.1.101.11106101,8666001161161106.

 

