556 11000 10100010 00010000.

1512.

8- «11011- *6641 Hert. 11100 0. 10000 1111101010031011013010 1 111113 1100 1010010 101101- 3

1010110300 01 385 Μ1. 4 811. 101 11 1010 1001010010 110010 01 10 1111101101 1 11113.-
Ηα110111119, d. 8. Junii. Udt. 111111001000101011. 1. 6000110011. 1. 80111000.-110101.-1000011013. 1100011,

10· ¹¹¹ssst ¹¹12· S· f‹31642 11011. 10001 01 8100113 03 11010100 10100101 100101010100 1110101011,

1001001101 0311110110 10101101113011111103101. - 1100001011, 11610011. 1110111101.)
1101103 1110110 10011011011110101011010. 1100111. 1573. 101. 81111-111.
11· 11111- *6641 11. 10.-11.’0 1101100101110011001, 01 00 803 001 01013030101101111101-

101001 03 1001100301 11010 1 010000, 11101100 6011 1111101 110110 8111010 03 131. 11101,

10101 1101· 1001000000 01 11301. 03 11001 1 010000. - 1101001000 slot, d. 11. 1001.
1111. 110101810100000, 11111. 1. 010000111οο 11101. 111, 1. S. 92.
12. ¹⁰¹¹st ’6641 11. 10. 11. 31101 111. 10001, 80300110011 1001011000, Brev 100 1016010,

0010 01 1111011011110000 0110111000 11110110, 101 0111001101 1110100οῑ, 01 hun 1101 31011013
skyldig i Hor. — 1101111110, 12. lunii. Ν1111111011101.80101.11’.345.

1110011. *6648 11. Fu. 11. 10101011101111101 111101 01 0110100 101 013 111. Jacob, 8030011001
11001011000, 03 hans 11110110 031001010 1010 110011001, 10101 ikke 1100001013, 01101010

100301 00100100, 01101οο10 hun 1101 10110011 013 0111010 01111131Ηο1. - Ηο1111110, 12111011.
111 1111011101. 80011. 111. 341-45.
1410011. 2809. 80011. 111 110110 11101. 03 1011031. 111. 156-60.

1110011. *6646 11. Fn.11.'s 11010, 11101101 Ν1010 11110 1. 1100010301, 01101 111100 810301
111010 1101010000 Ρο001001, 111101010οε 011010 11000010301 1010100 111 8111110 0110110100
01011001 101100 Friis's 11110301. - 1). 14. 11101. [11110101110010110311.165,

1111111· ’6641 11. Fa. 11. 1110111101111110101110 010, 0110 111110 11101100, 010 01011110
0101101101111. 1110110 1 11111010111000. — D. 15. 11101. 1111. 1 100018101001001101010011111

16. 111011. 2814. 1110101. 1 8011011103, 10030000 011110010110111 S. 101-1010011000 Datum 1011111.

1110011. ’6648 11. Fu. 11. 11010101 111. 101111101000, 8111101101. 1 8101110010 81111, 031000-
0100100 101130 Beck 01 1110110 1010001011010301 111, 01 1110111 03 111111030 80300 10000 111110
[1100011000 110101001110001, 0110100οι 80010100 1110111110 11110 have 111 8030011001111.
Thomas Madsen‚ 111010 1111 Anne 11011, 101 1101 jus patronatus til 1111110308030,1101
1101101. - 1101001000, d. 16. 10310011. 111 1111011101. 01011. 1448-49.

1110011. ’6648 11. 10. 1130 03 111000110010 11101010 03 1103101 101Μο1111011100101.’
Kjobenhavn, d. 17. Juni. 1111. 03 1110101111. 1 1011-110001110000, 1111000 1101101 S. 175-80.

1111011. ’6656 11. 10. 11. 0111111101 1111011010 Ν101000 Lange i 110101001οη 03 1110110101 11001
01 Ι11100000 1101 03 1101131101 1 00310 80110101100101300110 1 8101001103 111 03 80301
(1011103 801101 111 011011311001010. - 17. 11101. 1100010 001011. 11. 11. 111-40. 1010101100101111.

1110011. *6651 1101100110 111111εο1010οε 11010 101011010 1101000110111010111101 0311011001
1103οΙ0011, 8030011110οί 111 11010103, 010 1011131101οη 01400013001100 1 1111010103 sagn.
0001010100001010100100 1001 00 1011101110010100 1110100100 100 011010. - 1101001010
[hond 17. lunii. Ν111111011101.80101 11.7“10-71.

2210011. *6652 Hert. 110011 01 8100113 1110111101 6111310100 1 810100 11001100, athan
1100 0110111103 01 Hert. 01 Alba 1101 11101101 2000 Μ1. 03 00011 111 11010010 1001 1001. -

(22. Junii.) (Tydskn 1111. 1 11011. 01010. 1 1103. 1. Charton 00 1100011, 10 het 0010 11011011.
1101111100 111. 181.

¹22111111. 11653. Hert. 111011 018100113 010110101- Hert. 01110000010013, athan 1111110111

11011101 111 11. 01 81100100. - 22. Juni. (Tydsk.) 11111111011000001011. 1. 00111000-110101-111011.
1000110011. 11, 1. S. 145.

 

