526 Korra 8111111111 111 11111.
1569.

’6296 1111111 8111111111111111111 1111111111111111111111111 11111111, 81111-

11111 1 1111111 11Ρ111111111111111111111, 11 111111 111111 1 811111111111 111111 11111-
skifte. 81111. 1. 811111 11111. 11 ’111. 111. 186-81.

’6281Ι 1111111111 11111111111111 111111 1111. 11 Μ11111111111 pra 8111111111111.
- 11111. n. 1. 11181111 Bag. 1111111111 11111111111111111111.1197.

1111. 1570,

5· sanum. ’6288 1111111111 1111111111 11111111111111 111 1111111111, 1 81111 1111111 1111 r
111111111111111111111111111111111181111111111111111111.- 1111111111, 5.111. 18111111.)
1111181111111111. 2118111569-’1181161 ’,

5121811· ’6289 11.]11111111.118111111111111111811111111181111111111111011111 ζ
med 11111111 81111111, 11 11 11111111 111111 11 hare 11111 81111111 81111 11111111111
1111111111111 111 11 1111111 111111 11111111. - 1111111111, 1. 5. 11111111. 18111111 11111 ³
Sylrander, 1111111111 111111 och 1111111111. Vll. 119.

¹⁰·¹³¹¹¹¹⁸¹· ’6296 [1111111111 Fr. 11. 11111, quo 1111111111 Georgium 811111111111111111111,
pastorem 111111111111111111 11 111111 11111111, poetam laureatum creat, ei posterisque
11111111111 1111111 concedens. — Haffm'oe‚ die 1111111111111111. 1111118111111111111-11

10411111· *6291. 811111111111 11111111 1111111111 1111111111111111. 111. 1., 11 han 1. 11111111

1111 1111111111 11111111 1111111111 8111111111. - (111111, 16111111. <Tyriam 11111111, 11111
1111111111. 2. 111 690.

111111111- ’6292 1111111111 111 8111111111111 1 Η111 11 Weistrop 111 1111111111111111-
11111111 11 11 81111111 1 811111 111 111 1111111111 1111111111111 811111, 1111 1111111

11111 efter 11111 111111 8111111111 1111. - l). 10. Ianuarii. 1111111111 111111111111111.
14111111· ὃ. θ’111ξ29ἓ17. 111111.111111181111111111111111Μ11.11111111111111 1111111111111111

1 81111111111111111111111 11 1111111111 111 [1111111111 111111. - 14. 111. 1111. 1 1111111, 111
11111. 1111111. 1111111111111 11. 112. ·

14111131· ’6291 111111111111111111, 111111111111 1 8111111, 1111111111 9111211111,
’1111111111 1 11111111 1111111, 111 11 11111 11111811111111111111911111, 1111 erden
811111, da 0111111 1111111111 1. 8111111111 1111111111111 11 11111111 1111111 111111111111
sager med Fru Aunes 81111 1111 1111111111 11 11111 11111111 Maend. - 1111111, 11111
14. 111 Jarruarii. 1111111,81111111111.’1 [111111111111111118201-206.

22. '⁸⁰⁰⁸‘ ’6291 8111111. 1111111111 1111111 11. Fr. 11. 111 11 1111111111 50611111 11111111·
111111111111 111 611111 over hans 1111111111 11111111, som hun 11111111 111111111111111
Frfld. — 0111119111, 11. 22. 1111111111. 11111111 1111111111111(1111111111111. 111. 19.

22111111· ’6296 1111111. 1111111111 1111111111 Ρ11111111 111. 8111111111 111 11111111. -
22. 11111111. 1111. 1 11111, 111111. 1111111111111.

22111111. ’6291Ι 11111, 111. Η11181111111111 1611111 1111111, heder Hert. Hans 11111111·
deles 11 11111111 111111 1111111111 111 611111 11 11111111 Μ1111 1111111111 8111111. -·
22. 1111111. 1111. 1 1111111111. 11111. 1. 1. 1. 111.

3111111111. ’6298 11111111 (111111111111111, 8111111111 1811111 1101111111, 1111111111 ,
11 111111 1111 111. 111111 1111111 1. 0111111111 111. Ν1111111111111 11 811111111111111111 1
11.-11. 11 1111111111 111 111 11 1111111111 1111111111 11111118111111111111111 111 1111111111

 

