444 Kone F11111111111 111 Aeone.

' 6.
293326111121 ’52611 1111111. 1111111111 1111111111 1111111011, 11 11111111 1 Fulge 111111111111311

111 111111 8010131111 11 01111111311031116011111311111113111111111. - 1111111131, 1. ⁴
1129. 1111111111. 12111111.) 11111111,11111.1111111111 2 11. 1. 519-20. 4

1111011111. 5270. 0111111111111101 1111111 11. 111111 11111, 11 110011111111111011 113111 *
1111111111 11 lebet ’1111131 ef, 0311311111 111 1111130111, som 113311 1 8111111100 03
111 1111111 6111111111011. - 111111 Datum. 18111111.) 1111. 111111. 111111. 11111111.

3111111111. *5211 11. 11. 11. 1111111 Daniel 1111111101 11 113111 113 111 ham, 11 11111111
nu er paa Tilbagetoget. - Koppenleoqen, d. 30. «1111111. {Tydslel 1111111111, 11111 11111111. .

211. 1521). .
31. 1111111. *5212 11.1111111111.11111111111111111113111011,11111111111118011111111111311, ¹
11111111011111110111 11111111υηί1101 03 11011111, 111 1111113. - 8001111, 31. Jen. 18111111
11111111. 1 11111. 111111. 11111, 2. S. 11. 1111111.
31111111. 5273. 11111111111110111111 110131110101111111111 0111 11 1010111131 1101311101·
1111111311111111111311111, han 11111 11 11111111 med, »naehdem 111 110111111111111111111111111 j
zu 10111111.-(1111111911111,31.1111111. (Tydsk.) [111031111111111. 11111111111111. 11111111. 1
2. 111520-21.
sanum *5271 01111111111101,011111,1111111013111101111111110311111111111011 1
11 11111111 110311 1011111113011 11 1111111111, under 1111111 11013111 her levet 11 1011111111 4
[1111101101118101111111110111111111011111111111. — 111111111111. 1Τ111Ι11 eorem. 1
11111. 1111111111. 2. 11. 1. 515-19. ¹
11111. *5275 11. Fe. 11. 11311111111111 1111111111 8111111111111011111, 11 1111111111 1

8111111111 1111101111110111 1111111111 11111 11131111 11101 1111111111 11111011. - 1011111311,
l. Febr. Q'l'ydsle.) Udt. 18111111111111. 11111111. 611111111111111118. 118.

11111. 352111. 11. 811111 x1v. 111111111111111111 11110111 0111 1011111111111111 11111111 111-
1111111113, de de Denske ikke ville 1111111 113 1111 111111111111111111111311. - see-eote,
l. Februarii. 1811111111.) 111111111011,11111111.1 1113111111.1181111111111111111.130-31,

1 1111. *5211 Ν1111 811111 1111111111 11. 11111111., 11 111 11111111 11111 811111, 111 0101811111
03 hane Knaegte ikke ere 11111101111 111 2111113. - 81111111, 1. 1. 81111111. 18111111
111111. 111. 8111111. 11111. 1181-89,
1111011111. *5278 1111111111 11111111 1111110111. 111111 11111. 0111 de Norskes 1111111111 1111111-
marchen. - Uden [11111111. 18111111.) 1111111111111111. 11111123.

11111 5279. 11. 11. 11. 10111111 Fre 11111111111101111, [110 6111111 ef den 811111, 1111
11111 1111 111 1111111111, 11111111113111111 118 1111111311111 11111111 1111111 0311111111-
311111 11111111111111111111. 103 1111111 ikke 10111111 113 med 1111 1111131111, sem 0111111

(111111 111111 111 1111111110. - 11117111, 4. 11111111. 110111111111111111111111111131111.

11011 ΗΒ 2915280. 11. 1111111111. 111111181111101111111111111111111118101113111111111131111

em 11. 11 [1111111111 11111111 11111 sende 1111111111 113111 111 [1111118111. - 8101110111
1. Febr. 18111111.) eruent. 1 11111. Η11111.1’111,2. 1 101111.

7. 1111. *5281 11111. 11111111 1181011111 111111 11101131Η111111111111111 11111111111311111111
0310311111 11111111113, 10111 11 111111111111101110111111181111113111111111111111
11 111 1111111111111 1 1111111113 1111111111 1111131 1111111113 v. Rautzeu 03 1011111.

1111111011 11111. ’51171 - 11131, d. 7. Februar. 11111111 1111111 1, d. 1111111111
vm. 425-21.

 

