650 111111 1111111111 1111 1111111.

-..-.. ——.—--..——-- ————-—-————

11518ἶηί· ’7771 011181111111 1111111111 11111 111 11. Fr. 11, 111111 han 11111111,11111

11111 ikke 1111 1111111 111111 11 1111111111 11111111 Haste 111 Veje3 i 811111111111111
0111111111 11 7111111. - Ab 1111 11111 1111111111, 22. May. 1111111.) 01111111
111111, 1111111111. 1. S. 34.

27. ¹³1¹· *7778 11111. 11. 11111111, 11118111111 1 1111111111, 11111 111111111111111111
1111 maa 111111 111 [1111 11111111 11111 11 1111111 111111 111111 1111111811111111, 11111111
11 0111, [1111111111 111 1111111 11 1111111111 111 11111. - 111111111ωὸ11, 2111111.
1111111111. 111 (111111111111. 111, 1111. S. 08-69.

1111111. ’7779. 17. 1111131 11111111111111 1111111111 811111, 11111111 1111 111111111111-
111111 1 11 111 111111118111111111, 1111118111111111, 1 111111 sogn 11 1111211111
1111111111 Β1. — D. 13. Juni. 111111 11111111, 011111811111111118.50-11.

15. 111111. ’7780 11. Fa. 11. 1111111111 01111111 111111 11 Christian 1111111111 1 1111111
11111111111111 11 8111111111 0111 11 0111111111 81111 1111 1111111 111111 8111111111
1111111-6111111111111, am 11111111, 1111111 111111-1111111111,111111111111111
1111111 8. 81-85.

15111111. ’7781 11. 111. 11. 11111111 11111111111 1111 11111 11 81111111, 111. Ν1111 1111111111,

111111 11111111 1111111111 1111111 1111111 111 8. 11111111 111111 1 011111. - 8111111111, 1.
15. Juni. 7111. 1111111 8111111111,0111111011111811111111111, 1. S. 17.

1111111. ·7782. K. Ffl. 11310111 111 8111111111111 1 11111111 ang. 111 11111 1111111101111-
11011] 111 1111111110 ΚΙ. - 15. Juni. 011 111111-111111111111,11111111111118. 184-81.

1111111. ’7788 11. Fn. 1131111111 om et 1111111111 1111111 1111111111 1. 1111111111 1111111111
1111111111111111 8111 11111111111111, 11111111 11111111111 1111111111111111 mod 1111111111
11111 11111111 aererorige Breve, 11111 111111 11111111118111111111. 1 7111111 11 1111111111·
munden p. 11111. - 1110111111, 1. 16. 111111. 111111111111111111.11519-11.

1111111. ’7781 1711111111 11· 11111. og 111111 1 1111111111 om 111111 Fru 1111111111.
111111111111111111111111111 111 11 11111111 1111111111 8111111111 1181111111, som

01111 11111111 1111111111 81111111. - 18111111. 171111.) 11111111, 011111. 1. 111111. n. 1111-
Rechts 1. 1111111111111 81111111νί1 111. 283-84.

19. 11111. 3651. 01111111 1 111111111111612, 1643 og 11170, 1111111111 1111711111 1110111111111111111
1111111111 111 11117 11 164011 ἱ 1111111 1111, 1338-19.

19111111 3652. 1111111, 1113. 1111111-11111.

11111111. 3653. 11111111. 1613. Fir-Fir 111.

1811111. ’ ’77811 11.111.11.’1111111111111,1111111111111111111110111111111111,1111111111.
p. 1111111111 8111, 11011011117111111,811111111111. p. 11111111 8111, 11 drage 1111811111
11 111111111181111111111 11 11111 1111111 111 11 1111111111 11111 11 1111181011.-

171111111111111111, 11111118111111. [111111111181111.111391-400. 111111111811111111111111111
11 111111 8111111.)

18111111. ’7786 1τ 37411. 11115831111582. 1111111111.81111.3.11.11112-74.
20111111. ’7787 17. 111. 1131 1111111 11111, 11 11111 1111 111 1111 1111711111 1111111111111·
11111111 1111 hans AEre 111 hans 1111111011 111111 1111 Fru 1111111111 11111111, 1111

1111111111 11111 11111 111111, hvis 1111 11111111 1 17111111 Rigor. —- 11111111, 111111.
81111. t. 111111 11111. vm. 155-56.

201110· ’7788 11. 111. 11. 11111111111.Μ111111111 81111111 1 1111111111. 11 Gange 11111111
11 111111 1111 8111111111 1111111111. - 111111. 1111111111-11111111111. 1111111111111
21. 11111. 3655. 81111. 1.]111111111. 117111. 1111. 100-101.

 

