408 0000 1111011011 0111 10010.

1151, “”ψ”

,-.----

1111111· *4847. 0011. 0111111101 1115111101011110300501111005110100 om 0101100111101131- 1

101101, om 1101 00 1100110110 11111011 11100111 1100310011 03 om 110 01 Fraus 000015 110110,
som 8100510100 11010 100301. - 1101101011, 11 . 1011. 11111110100,0011111011.0111419-111.

1111111· ’4848 00100 de 0011111100 10110301 101 1110010110, 01 den 30051130 1011131011
3001 10111, 03 010001, 01100 03 0111010110 11110 10100101110111010 81111100 1101101. — 00
Flammam, le 17. 0011111101. 1010118111 Weiss, Les 1111). 1111101110 011111. 110 0101110110 11111. 156-51,

2110111. ’4840 110011. 1115111101 001101 011110 03 8100 0050051000, 01 (101 111 111110
11001 1111100111 2000 00101 03 1111130 01011001, 01. 10. --0101101101001111, 21. 10111. nardum,
0151. 1111110511. 2. 0. Ι. 430.

2011111- ’4850 0. 1111. 11. 11010101 sechim Beck 03 1101110100 saa 11011131 5010 1001131111
sende 32,000 110101 111 010100, 101300 1. 0011, Daniel 0001101 03 001101 011110. -
10111011111501119, 22. 111111. 00111110, 0101. 1111110511. 2. R. 1. 431.

2011111- ’4851 00000 011011 03 8110 0050051110οε 001101101ῑο 0103005 0110005110100 00
11101000 1010510000110 01111011 111810113 03 om 0001311011 0011010 1011110100. -101111011,
23. Juli. 01101. 1 1011110115. 0. 1. 301.

2⁵· 01111· ’4852 111111 0000000100οα 1115111101 Fru 00101110 (0050011001151, 001101 0111105,
00 00 01003, 1101 1101 5110010101 as 01000103005 8111110110. - 1101111111, s. Jacobs 1113.
011011, 1110110111 1135 003100100111311011 8. 178-19.

‘2⁶- 'uffi- ’4850 10000110001, 111000 001011, 0500001100 03 81111 0050115010οε 1111111110
0100300501111005110100 110105 01131 101, 01 Γ10301 101011 810113 5101 1015111105 1100010011
01 1100 0101000030 11151010010150 1105 1101031000. —- (qu. Maj. Feldtlejr for 1100111101,
211. 1011. 1111. 1 amdam, 001, 111001. 1. 1. 110.

2611110· ·4854. 1101111001 (1011110111 1015111101 1 01 0101 11100100 110 0011111101 510 01-
11101100 0101101 1101103101100 01101111103005001010300110 03 11011101, 01001103101100 ber
500110 00 00500111 111 81100100. Han 1011101010οτ, 010011011010 1100 10101510 0105100101
03 501113101001110111000 1 110001100110005 8111111111101010 011100 5101510 0011110103, 00
11050110111110300 1105103 den 1100510 Trono, men han 0011110 00300 0115131111, 01101

111 11111108. - 1108011115, 211. 1101011101. 1110115111 Weiss, Les 1101). 110101 110 00111. de 1111011111

vm. 172-75,
*4855 1111011. 11151111011101010155010100 1011 00100, 01 der vil blive 501301 101

01011001, 01 32000 00101 010 1115001110 10011 1101000110301005101· 1101110100, 01010
11110 5101 11010110 00301 fast 1105, 1000 10110 Το301 mod 8100110101, 03 01 01001100 101-

, 1001100103 1110111110 0010010081001110101. -810111011111, 2010111. 1101110,1101.11111050,

1111. 10111. 2. R* Η3348110 0101111110 011011, 03. 111100011011, 11010101 1100111. 00011 015005 110301

1 (1001101311 11. 100Το1500, 1100011 110011, 1012011011, 500 denne har 0110110011ῑο
11. 1100115 1110111111 10011. - S. 0101110311. 101000100131,1501-34,

3010111. ’4851 00100550011015 1011 00100 sende 11. Fr. 11. 0011110103 010 00 00310031
11111100 1110101 0011015000 03 001301 010110 111010 50010110, 03 00 0101033015εο arden
Proviant‚ 1100300 1101110 500111, 11101101 man 0100110 100101οΤ1111030103. - 0111111101
005101, 11100011 XXX. 10111. 0101000101 11111011.111.1.133-31. ³

30001· ’4858 111. 1001111115 1111100, (diaconus 00110510 1105005151 1011000010 05101100, J
(pastorem Eiderstadensem) 011 nuptias suas 11. 13. Aug. 000 Matina 00111 celebrandas
11111101. - Hic-sice, die 30. Julii. 1110111,1001110005101101-001110111015 S. 455.

 

