680 11111 1111111111 111 1111111.

—.-.-.-..-.-...-..-—.——....-..—..-.. ...- -.. - -—-———--.——,

1811111· 8140. 11. 111. 11. 1111111 1111111111 p. 1111113111 ikke 11 11111111 11311
111111 11111113 1311111113 1 11111, 11 111111 11 1111111111 111311 1111113111 13111111.
- 1111111111119, d. 18. Maji. 81111.111111111113111131.111.105-108. 1111111. 111111111111,
1331111111. 81111111. 111-13.

11111111. ’8141 11111311111 1111 11 8131111111 1111111118, som 11113111 111 111. 11111
1113111111, 1111111 1 131, 1111, 11111111111111111111, 111. christon, 11111 111 11311, 1111

111111111111111111111.-1811111, 11111111113.1.11111.3611-11. 3111111. 13111111111- ,

penu 1111111111 8111.

2111111 8142. 1111111111 1111111.1111111111111111111111111111111111131111
1111 11111111111, 1 1111111 11111111 111 (11111111111, 1111 111 111111111111131113 }
Β11111111111111111111.- 11113111, 1. 27. May. 113111.) 11111111, 5111111. pammach-taguma ’

1111111111. 1. 151-13.

1111111. ’8141 11. 11111. 1111111111 11111. 111111 111111111111113 om 11 1111111111 111
1111111111 13 1111111 1111 1111111111 1111 11331111118111611111, 1111181133113111111
111111.-0101111111113111, 11281113. (Tydsk.) 1111111811111. 1111111-91.

1. 111111. ’8141 K. 1111111 11. 11 81111111 111111111 11 1111131113 111 1111111118111111, 3

1113111111 1 111311111, som 1111111111 1111111111, 111111111- 1111311111, 11111. 1111111 ¹
1111. p. 113. 11111111, 11111 11111111 S. 23. ¹

1111111. ’81411 11.1111.1111111111111111111111111811111111111, 1111111111111 ,

1111111111111111111131111111111111. - Rossbach, 1. 4. 111111. 11111111111111111111111.
1. 011111 11111 11111. 111, 1. 811-16.

1111111. 8146. 11. 111. 11. 11111 111. 11111111 1111131111 1111111113111 811311111111

1111111, 1111 1111 111111111111111 111311111111 1111111111311111 13 1111311 11111111 111 ’

11311113 11111 81111111 13111111, 11 11311 1311111111111111 1111111111111111131111

131113111111111]1Ρ11111.-1411111. (Latin.) 111111.1113.11111113,1111111111111.11 1

11111111. ’8141 11. 111. 11. 111111111111111111113113, 11 1111311111 1111111113111111 ,
11111 1111111111 111111111111, 13 athan 1111111111111 13111 1 111111, 1111111111- j

11111, 11 11111111 ham et Stykke 11111 1111111111, som Willoughby 111 1111111111

11111111 1131111111111111 ham 11111 1111131111111111111. - 14. June. 1111111 11111.
1113. 1 11111111, Second 11131111 8. 28.

1⁴· sunu. ’8148 11. 111. 1131 11111 11181111. 111111131111, 11111 111 1111111111, 1111111 ¹
1111111113118111111111131111 111111111111111111, 11 1111111111 111· 1111111 111131· 1

11311 1111111111, 11 111111111113 11111, 13 11 111 1111 113113 1113111111111111131111111113
11 1111111311 11 111 11 1111111131 3111111111111111 111 1111111 11 11111181111131111- ’
kjendt. - 14. June. 11111111 1111111113. 1 11111111, 811111 11111111 818. ¹

11111111. '8149. 111. Mus, 111111 1 (11111111, 1111111111 11111111 111111 111111111111111

1111111, 111 111 11111111 Sognemaendene i 1111111, 1111111 1113111111 11311 1111111111 1
dem 111 11 11111, 11 11 11311111 11111 111 11 11111111.01111111111111111111111 2

Kapellan hos dores 8131111111. - 1111111111, 16. 111111. 1111111113.1.11,11.111-11.

111. 11111. '8150¹ (11111111 1111111 1111111111 1. 1111111113, 11 1111111113 1111111111113·
11111 111 11111 81. 1111113 111 11 1311111 11111111111111 1111111 13 11111. 1111111111 11111

1111111 11111 111 at 11111 11 11311 111111113 med 11111 11111 111111, 11111 111111
1111111111111111111111 11111 11111131 1181111111 1111111311 1111111311· over 11111.-
Copenlwyue, 111 18. Juin. (Fransk.) 1111111111. 811111. 1111111297-300,

 

