1550.

1. 155551.
t. 155551.

0. 155551.

10. ianuar.

21. ianuar.

21. ianuar.

Koria 0551511111 aaa Τ51515.

’2051 05555515155511, 8535551551111115111535 53111551151111115 53 1111151 111 S.
1555 Alter i S. Albani 111115 1 0115555, 31151 Priori S. 1155115 itt, christiam Poualsen,

1111511151 555 1155 ham tilkommanda 055111 53 1155111555 1 0115555. 515511. 1151151 simoneta.
111111, 1. 0115515 11155 11151. 11, 2. S. 69-70.

2052. Pom, 0555555 1515111111 paa 518. 1155115 111. 1 0115555 111115155115 1155 53
Jord i Pugestraedet. 0111. 1 1151151 8115555115,11111. 1. 0115555 0151 11111. 11, 2. S. 10.

2053. 1511115351 1111151551 0511 V. 11511511. 1115511551 51 11155115555135 Sannoi
paa Grund 51 115155 1511515 1111311151 551151 0515155355 5111111115, 53 0515515153 11515151

51 815111. 1 11511511. 53 11551155 115511. 11311511 53 Latin.) 11111. og 5151111. 1 1111115351, 11111 dea
relations S. 423-25.

*2054 Raman 155155 t. 1151151515 1111115151 11101151 Matthias v. 011555 151 40011111,
151 11111115 1155 5511 1151 15511555151151 11511. 1111155111 515155115511513 111 11515511511115511511,
53 111 8111511150 151 11111115 Matthias 1. 011155 51 355511 1151355 5151151 ham salv (Reimea
Penta). (Plattydsk.) 5155511. 11515511. aesca. 5. ueneat. v. 5551111, 51551, 5. 451-55.

O. 1549.

*2055 01515153 5151155153151531111311151, 55151155 (1151551151) 51151 5555115111
53 50151115 55511511. 1115551 115355. (1151131151.) 55155111, 5111515111. 1151111513. 11. 453-51,

2056. 8111115155 ira Hert. 11555551 5101555555 111 55 1315115115, 51 han 1151
15501511513111. 5. mad 11. 51Ρ5155 53 05555115551151115115 sig i 51 nyt 1Ε315511511, 53
51 de have 11115505155151151. (Tydsk.) 01115311151151.1051555051515151515151111.528,

1550.

837. 11151151. 1 11555115 1113. 5. R. 1. 253, 5551. 5.
*2051 Η511.15555151 55555555 8111115155 111 11. 51 05551511, 111511 han omtaier,
51 1555 1151 1111111111 at overdraga ham Gravskahet Hartanatein, 5155 51 1151 5111351111 11111551

51151. - 1155155155, 555551155115.155555511551,51155Α51. 11311511.) 5111. 111155111551111. ’
11. 111. 19.
⁶0⁸⁰ ’1055 8551511515 1 S. 1511111115 Soet i Faaasaona 5151111535 0351. Frantz 1151515

115 5551151015 Koch-ange, 1151 51 ham 515 1511151115115 53 1515355115 15511 111351, som 51
515015551131 Pani 151 100 11111. 1311511. - 1155155155, 515 (15351151 13111355 (1151551531.
(Plattydsk.) 8111115115, 0151555151. 1155511513.11.455-57,

*2050 0515151115511 5505115051 Κ. Chr. 111. 515 5155 1515555115351 med

8155115155 113151555515515155553. 815115555153. - 11111, 55511. 55 1151115511. 1315151111
15115551.1.851115111.·115151.-1.555511. 055511. 111, 1111551151. S. 11.

’2060 15555 1111151111, 1151505150. p. 1335151155, 51151551 Μ51155 1 3151151111 111
51 made 853555155155 1 1111511513 111. 11511515 paa 1151151515 03305515155 1 15115531

1151555153 5155 055111, 1155 5151113 5151111535. -113351111111, 111555 21. Ianuarii. 5155-
515151. 1151153. 111. 828.

*2061 11. Can. 111. 5551510155515355511151151, 1151153151155 5185511555, 51315-
1151131 Nytaar 53 1510131151 1155115 111 51 11515515 111 513 1 1155511513 1155 21. 55111551. ν
Nyiurq, 11551124.1511115111. i'l'ydsk.) 85111511501515515111.1155511513.11986,

 

